    0.0
    0.0
    0.0
    0.0
    0.0
    0.0
    0.0
    0.0
    0.0
    0.0
    0.0
    0.0
    0.0
    0.0
    0.0
    0.0
    0.0
   56.4
    0.0
    0.0
    0.0
    0.0
    0.0
    0.0
    0.0
    0.0
    0.0
    0.0
    0.0
   62.4
   66.6
   16.8
    0.0
    0.0
   62.4
    0.0
    0.0
    0.0
   48.0
    0.0
    0.0
    0.0
    0.0
    0.0
   55.2
    0.0
    0.0
    0.0
    0.0
    0.0
    0.0
    0.0
    0.0
    0.0
    0.0
    0.0
    0.0
    0.0
    0.0
    0.0
    0.0
    0.0
   49.2
   45.6
    0.0
    0.0
    0.0
    0.0
    0.0
    0.0
   87.0
    0.0
    0.0
    0.0
    0.0
    0.0
    0.0
    0.0
  115.8
    0.0
    0.0
    0.0
    0.0
    0.0
    0.0
    0.0
    0.0
   66.6
    0.0
    0.0
    0.0
    0.0
    0.0
   52.2
    0.0
    0.0
    0.0
    0.0
    0.0
    0.0
    0.0
   21.6
  111.6
   45.6
    0.0
    0.0
    0.0
    0.0
    0.0
    0.0
    0.0
    0.0
    0.0
    0.0
    0.0
    0.0
    0.0
    0.0
    0.0
    0.0
    0.0
    0.0
    0.0
    0.0
    0.0
    0.0
    0.0
   46.2
    0.0
    0.0
    0.0
    0.0
   48.6
   40.2
    0.0
   78.0
    0.0
   48.0
   52.8
    0.0
    0.0
    0.0
    0.0
    0.0
    0.0
    0.0
    0.0
    0.0
    0.0
   45.0
    0.0
    0.0
   99.0
    0.0
    0.0
    0.0
    0.0
    0.0
    0.0
   61.2
    0.0
    0.0
    0.0
    0.0
   96.0
    0.0
    0.0
    0.0
    0.0
    0.0
    0.0
    0.0
    0.0
    0.0
    0.0
    0.0
    0.0
    0.0
   40.8
    0.0
    0.0
    0.0
    0.0
    0.0
    0.0
    0.0
    0.0
    0.0
    0.0
    0.0
    0.0
    0.0
    0.0
    0.0
    0.0
    0.0
    0.0
    0.0
   64.2
   63.0
    0.0
   69.6
    0.0
    0.0
    0.0
    0.0
    0.0
    0.0
    0.0
    0.0
   15.6
   43.8
    0.0
    0.0
    0.0
    0.0
    0.0
    0.0
    0.0
    0.0
    0.0
    0.0
    0.0
    0.0
   36.6
    0.0
   55.2
    0.0
    0.0
    0.0
    0.0
    0.0
    0.0
    0.0
    0.0
    0.0
    0.0
    0.0
    0.0
    0.0
    0.0
    0.0
    0.0
    0.0
    0.0
    0.0
   59.4
   55.8
    0.0
   29.4
    0.0
    0.0
    0.0
    0.0
   51.0
   43.8
    0.0
    0.0
    0.0
    0.0
    0.0
    0.0
    0.0
    0.0
    0.0
    0.0
    0.0
    0.0
    0.0
    0.0
   45.0
    0.0
   48.6
    0.0
    0.0
    0.0
    0.0
    0.0
    0.0
    0.0
    0.0
   68.4
    0.0
   78.6
   25.2
    0.0
    0.0
    0.0
    0.0
    0.0
    0.0
    0.0
    0.0
    0.0
    0.0
    0.0
    0.0
    0.0
    0.0
    0.0
    0.0
    0.0
    0.0
    0.0
   82.8
    0.0
    0.0
    0.0
    0.0
    0.0
    0.0
    0.0
    0.0
    0.0
    0.0
    0.0
    0.0
   66.0
    0.0
   45.0
    0.0
    0.0
    0.0
    0.0
    0.0
    0.0
    0.0
   53.4
   49.2
    0.0
   21.0
  109.2
    0.0
   79.2
    0.0
    0.0
    0.0
    0.0
    0.0
    0.0
    0.0
    0.0
   43.2
    0.0
    0.0
    0.0
   42.6
    0.0
    0.0
   36.0
    0.0
    0.0
    0.0
   55.8
    0.0
    0.0
    0.0
   50.4
    0.0
    0.0
    0.0
    0.0
    0.0
    0.0
    0.0
    0.0
    0.0
    0.0
    0.0
    0.0
    0.0
    0.0
    0.0
    0.0
    0.0
    0.0
    0.0
    0.0
    0.0
    0.0
    0.0
    0.0
   40.2
    0.0
    0.0
    0.0
    0.0
    0.0
    0.0
    0.0
  105.6
    0.0
    0.0
    0.0
   26.4
    0.0
    0.0
    0.0
    0.0
    0.0
    0.0
    0.0
    0.0
    0.0
    0.0
   42.6
    0.0
    0.0
    0.0
    0.0
    0.0
    0.0
    0.0
    0.0
   67.2
   63.0
    0.0
    0.0
    0.0
    0.0
    0.0
    0.0
    0.0
    0.0
    0.0
    0.0
    0.0
    0.0
    0.0
   88.8
    0.0
    0.0
    0.0
    0.0
    0.0
    0.0
    0.0
    0.0
    0.0
  181.2
    0.0
   34.2
    0.0
    0.0
    0.0
    0.0
    0.0
    0.0
    0.0
   82.8
    0.0
    0.0
    0.0
    0.0
    0.0
    0.0
    0.0
    0.0
    0.0
    0.0
    0.0
   46.2
    0.0
   72.6
    0.0
    0.0
    0.0
    0.0
    0.0
    0.0
    0.0
    0.0
    0.0
    0.0
    0.0
    0.0
    0.0
    0.0
    0.0
    0.0
    0.0
    0.0
    0.0
    0.0
    0.0
   48.6
    0.0
   98.4
   70.2
    0.0
    0.0
    0.0
   14.4
    0.0
    0.0
    0.0
    0.0
    0.0
    0.0
    0.0
    0.0
   99.0
    0.0
    0.0
    0.0
    0.0
    0.0
    0.0
    0.0
    0.0
    0.0
   57.6
   25.2
    0.0
   51.0
   80.4
    0.0
   63.0
    0.0
    0.0
    0.0
    0.0
    0.0
    0.0
    0.0
    0.0
    0.0
    0.0
    0.0
    0.0
    0.0
    0.0
    0.0
   27.6
    0.0
    0.0
    0.0
   30.6
    0.0
    0.0
    0.0
    0.0
   48.6
    0.0
    0.0
    0.0
    0.0
    0.0
    0.0
    0.0
   51.6
    0.0
    0.0
    0.0
    0.0
    0.0
    0.0
    0.0
    0.0
   61.2
    0.0
    0.0
    0.0
    0.0
    0.0
    0.0
    0.0
    0.0
    0.0
    0.0
    0.0
    0.0
   16.8
    0.0
    0.0
    0.0
    0.0
    0.0
    0.0
    0.0
    0.0
   45.6
    0.0
    0.0
    0.0
    0.0
    0.0
    0.0
    0.0
   49.8
    0.0
  174.0
   46.8
    0.0
   36.0
    0.0
    0.0
    0.0
   59.4
    0.0
    0.0
    0.0
    0.0
    0.0
    0.0
    0.0
    0.0
    0.0
  106.8
    0.0
    0.0
   32.4
    0.0
    0.0
    0.0
    0.0
    0.0
    0.0
    0.0
   74.4
   54.6
    0.0
    0.0
    0.0
    0.0
    0.0
    0.0
    0.0
    0.0
    0.0
  115.8
    0.0
    0.0
    0.0
    0.0
    0.0
    0.0
    0.0
    0.0
   60.6
    0.0
    0.0
   48.6
    0.0
    0.0
    0.0
   39.0
    0.0
    0.0
    0.0
    0.0
    0.0
    0.0
    0.0
  120.6
    0.0
  129.6
   33.6
   16.8
    0.0
   52.2
   63.6
   48.6
    0.0
   73.8
    0.0
    0.0
    0.0
    9.6
   60.0
    0.0
    0.0
    0.0
    0.0
    0.0
    0.0
    0.0
    0.0
   37.2
    0.0
    0.0
    0.0
   15.6
    0.0
    0.0
    0.0
   52.8
    0.0
    0.0
    0.0
   14.4
    0.0
    0.0
    0.0
    0.0
    0.0
    0.0
    0.0
    0.0
    0.0
    0.0
   45.0
   87.0
    0.0
    0.0
    0.0
    0.0
   54.6
    0.0
    0.0
   44.4
    0.0
    0.0
  132.0
    0.0
   64.8
   33.0
    0.0
    0.0
    0.0
    0.0
    0.0
    0.0
    0.0
    0.0
    0.0
    0.0
   57.0
    0.0
    0.0
    0.0
    0.0
   60.0
    0.0
    0.0
    0.0
   32.4
    0.0
    0.0
    0.0
    0.0
    0.0
   24.6
    0.0
    0.0
    0.0
    0.0
    0.0
    0.0
    0.0
    0.0
    0.0
    0.0
    0.0
   43.8
    0.0
    0.0
    0.0
    0.0
    0.0
    0.0
    0.0
    0.0
   69.0
   64.8
    0.0
    0.0
    0.0
    0.0
    0.0
    0.0
    0.0
    0.0
   51.0
   55.2
    0.0
    0.0
    0.0
    0.0
   24.6
    0.0
    0.0
   16.2
   33.0
    0.0
    0.0
    0.0
   79.2
    0.0
    0.0
   46.2
    0.0
    0.0
    0.0
    0.0
    0.0
    0.0
    0.0
  145.2
    0.0
    0.0
    0.0
    0.0
    0.0
    0.0
    0.0
   43.8
    0.0
    0.0
    0.0
    0.0
    0.0
   56.4
    0.0
    0.0
    0.0
    0.0
    0.0
    0.0
    0.0
    0.0
   30.0
    0.0
  119.4
    0.0
   84.6
    0.0
    0.0
    0.0
   64.8
   77.4
    0.0
    0.0
   57.6
   42.0
   90.0
  101.4
    0.0
    0.0
    0.0
    0.0
    0.0
    0.0
    0.0
    0.0
    0.0
    0.0
  117.6
   22.2
    0.0
    0.0
    0.0
    0.0
    0.0
   49.2
    0.0
    0.0
    0.0
    0.0
    0.0
    0.0
    0.0
   70.8
    0.0
    0.0
    0.0
    0.0
    0.0
    0.0
    0.0
    0.0
    0.0
   70.8
    0.0
    0.0
    0.0
    0.0
   55.8
    0.0
    0.0
    0.0
    0.0
    0.0
    0.0
   53.4
    0.0
    0.0
    0.0
    0.0
    0.0
    0.0
    0.0
    0.0
   30.0
    0.0
    0.0
    0.0
    0.0
    0.0
    0.0
    0.0
    0.0
    0.0
    0.0
   75.0
    0.0
    0.0
    0.0
    0.0
    0.0
    0.0
    0.0
    0.0
    0.0
    0.0
    0.0
    0.0
    0.0
    0.0
   89.4
   58.8
   27.6
    0.0
    0.0
    0.0
    0.0
    0.0
    0.0
    0.0
    0.0
    0.0
    0.0
   47.4
    0.0
   30.6
    0.0
    0.0
    0.0
    0.0
    0.0
    0.0
    0.0
    0.0
   27.6
   28.8
    0.0
    0.0
    0.0
    0.0
   61.2
    0.0
    0.0
    0.0
    0.0
    0.0
   69.6
    0.0
    0.0
    0.0
    0.0
    0.0
    0.0
    0.0
    0.0
    0.0
    0.0
    0.0
    0.0
    0.0
    0.0
    0.0
    0.0
   81.0
    0.0
    0.0
    0.0
   79.8
    0.0
    0.0
    0.0
    0.0
    0.0
    0.0
    0.0
    0.0
    0.0
    0.0
    0.0
    0.0
    0.0
    0.0
   55.8
    0.0
    0.0
    0.0
    0.0
    0.0
   50.4
    0.0
   61.8
    0.0
    0.0
   61.8
    0.0
    0.0
    0.0
  102.6
    0.0
    0.0
    0.0
    0.0
    0.0
    0.0
    0.0
    0.0
    0.0
   56.4
    0.0
   43.2
    0.0
    0.0
    0.0
    0.0
    0.0
    0.0
   41.4
    0.0
    0.0
    0.0
    0.0
   52.2
    0.0
    0.0
    0.0
    0.0
    0.0
    0.0
   70.8
    0.0
    0.0
    0.0
    0.0
    0.0
    0.0
   42.0
    0.0
    0.0
    0.0
    0.0
    0.0
    0.0
    0.0
    0.0
    0.0
   42.6
    0.0
    0.0
    0.0
    0.0
    0.0
    0.0
    0.0
    0.0
    0.0
   34.8
    0.0
    0.0
    0.0
    0.0
    0.0
    0.0
    0.0
    0.0
    0.0
    0.0
    0.0
    0.0
    0.0
    0.0
    0.0
    0.0
    0.0
    0.0
    0.0
    0.0
    0.0
  136.8
   15.0
    0.0
    0.0
    0.0
   35.4
   55.2
    0.0
   39.6
    0.0
    0.0
    0.0
    0.0
    0.0
    0.0
    0.0
    0.0
    0.0
    0.0
    0.0
    0.0
    0.0
    0.0
    0.0
   27.0
    0.0
    0.0
    0.0
    0.0
    0.0
    0.0
    0.0
    0.0
   47.4
    0.0
   37.2
    0.0
    0.0
   33.0
    0.0
    0.0
    0.0
    0.0
    0.0
    0.0
    0.0
    0.0
    0.0
    0.0
   77.4
   40.8
    0.0
    0.0
    0.0
   22.8
    0.0
   56.4
    0.0
    0.0
    0.0
    0.0
   73.2
    0.0
    0.0
    0.0
    0.0
    0.0
    0.0
    0.0
    0.0
    0.0
    0.0
   57.6
    0.0
    0.0
    0.0
    0.0
   69.6
    0.0
    0.0
    0.0
    0.0
    0.0
    0.0
    0.0
   55.8
    0.0
    0.0
    0.0
    0.0
    0.0
    0.0
    0.0
    0.0
    0.0
    0.0
    0.0
    0.0
   89.4
    0.0
   10.2
    0.0
    0.0
    0.0
    0.0
    0.0
    0.0
   81.0
   61.8
    0.0
    0.0
    0.0
    0.0
    0.0
    0.0
    0.0
    0.0
    0.0
    0.0
   47.4
   54.6
   49.8
    0.0
    0.0
    0.0
    0.0
    0.0
    0.0
    0.0
    0.0
    0.0
    0.0
    0.0
    0.0
   30.6
    0.0
    0.0
    0.0
    0.0
    0.0
    0.0
    0.0
    0.0
   36.0
   40.2
    0.0
    0.0
    0.0
    0.0
    0.0
    0.0
    0.0
    0.0
    0.0
    0.0
    0.0
    0.0
    0.0
    0.0
    0.0
    0.0
    0.0
    0.0
    0.0
    0.0
    0.0
    0.0
   34.2
    0.0
   74.4
    0.0
    0.0
    0.0
    0.0
    0.0
   81.0
    0.0
    0.0
    0.0
    0.0
    0.0
    0.0
    0.0
   73.2
   40.8
    0.0
    0.0
    0.0
    0.0
    0.0
    0.0
    0.0
    0.0
   27.0
   19.2
    0.0
    0.0
    0.0
   64.8
    0.0
   95.4
    0.0
    0.0
    0.0
    0.0
   76.8
    0.0
   61.2
    0.0
    0.0
    0.0
    0.0
    0.0
    0.0
    0.0
    0.0
   50.4
   47.4
    0.0
    0.0
    0.0
    0.0
    0.0
    0.0
    0.0
    0.0
   21.6
    0.0
    0.0
    0.0
    0.0
    0.0
    0.0
    0.0
    0.0
    0.0
    0.0
    0.0
    0.0
    0.0
    0.0
   45.0
    0.0
   49.2
    0.0
    0.0
    0.0
    0.0
   55.8
   76.2
   52.8
    0.0
   87.0
    0.0
    0.0
    0.0
    0.0
    0.0
    0.0
    0.0
    0.0
    0.0
    0.0
    0.0
   34.2
    0.0
    0.0
    0.0
    0.0
    0.0
    0.0
    0.0
    0.0
    0.0
    0.0
    0.0
    0.0
   20.4
    0.0
    0.0
    0.0
    0.0
    0.0
    0.0
    0.0
    0.0
    0.0
    0.0
   59.4
    0.0
    0.0
    0.0
    0.0
    0.0
    0.0
   54.6
   54.0
   38.4
    0.0
    0.0
    0.0
    0.0
    0.0
   43.8
    0.0
    0.0
    0.0
    0.0
    0.0
    0.0
    0.0
    0.0
    0.0
    0.0
    0.0
    0.0
    0.0
    0.0
    0.0
    0.0
    0.0
   73.8
    0.0
    0.0
   50.4
    0.0
    0.0
    0.0
    0.0
    0.0
    0.0
    0.0
    0.0
    0.0
    0.0
   70.2
   65.4
  100.2
    0.0
    0.0
    0.0
    0.0
    0.0
    0.0
    0.0
    0.0
    0.0
    0.0
    0.0
    0.0
    0.0
    0.0
    0.0
    0.0
    0.0
    0.0
    0.0
    0.0
    0.0
   53.4
   37.2
   42.6
    0.0
    0.0
    0.0
    0.0
    0.0
    0.0
   28.2
    0.0
    0.0
   91.2
    0.0
  192.0
    0.0
    0.0
    0.0
    0.0
    0.0
    0.0
    0.0
    0.0
    0.0
    0.0
    0.0
   80.4
   35.4
    0.0
    0.0
   39.0
    0.0
    0.0
    0.0
    0.0
    0.0
   70.8
   21.0
    9.0
   61.8
    0.0
    0.0
    0.0
    0.0
    0.0
    0.0
    0.0
    0.0
   72.6
  107.4
    0.0
    0.0
    0.0
    0.0
    0.0
    0.0
    0.0
    0.0
   30.0
    0.0
    0.0
    0.0
    0.0
    0.0
    0.0
   48.0
    0.0
    0.0
    0.0
    0.0
    0.0
    0.0
    0.0
    0.0
    0.0
    0.0
    0.0
    0.0
   49.8
    0.0
    0.0
   30.0
    0.0
    0.0
    0.0
    0.0
   43.8
    0.0
    0.0
    0.0
    0.0
    0.0
    0.0
    0.0
    0.0
    0.0
    0.0
    0.0
    0.0
    0.0
    0.0
    0.0
    0.0
    0.0
    0.0
    0.0
   53.4
   25.2
    0.0
    0.0
    0.0
    0.0
    0.0
    0.0
    0.0
    0.0
    0.0
    0.0
    0.0
    0.0
   43.8
    0.0
    0.0
   80.4
    0.0
   57.0
    0.0
   28.2
    0.0
   47.4
    0.0
    0.0
    0.0
    0.0
   76.8
    0.0
   57.0
    0.0
    0.0
    0.0
    0.0
    0.0
    0.0
    0.0
    0.0
   34.2
   52.8
    0.0
   65.4
    0.0
    0.0
    0.0
    0.0
    0.0
    0.0
    0.0
    0.0
    0.0
    0.0
    0.0
    0.0
   54.6
    0.0
    0.0
    0.0
    0.0
    0.0
    0.0
    0.0
    0.0
    0.0
    0.0
    0.0
    0.0
    0.0
    0.0
    0.0
    0.0
    0.0
    0.0
    0.0
    0.0
    0.0
    0.0
    0.0
    0.0
    0.0
    0.0
    0.0
    0.0
    0.0
    0.0
   78.6
    0.0
    0.0
    0.0
    0.0
    0.0
    0.0
    0.0
    0.0
    0.0
    0.0
    0.0
    0.0
    0.0
   56.4
    0.0
    0.0
    0.0
    0.0
    0.0
    0.0
    0.0
    0.0
    0.0
    0.0
   51.6
    0.0
   51.6
    0.0
   60.0
    0.0
    0.0
    0.0
    0.0
    0.0
    0.0
    0.0
   57.0
    0.0
    0.0
    0.0
    0.0
    0.0
    0.0
    0.0
    0.0
    0.0
    0.0
    0.0
    0.0
    0.0
    0.0
    0.0
    0.0
    0.0
    0.0
   33.0
    0.0
    0.0
    0.0
    0.0
   31.8
    0.0
   64.8
   52.2
    0.0
    0.0
    0.0
    0.0
    0.0
    0.0
    0.0
    0.0
   36.0
    0.0
    0.0
    0.0
   37.2
    0.0
    0.0
    0.0
    0.0
    0.0
    0.0
    0.0
    0.0
   35.4
    0.0
    0.0
    0.0
    0.0
    0.0
    0.0
    0.0
    0.0
    0.0
    0.0
    0.0
    0.0
    0.0
    0.0
    0.0
    0.0
    0.0
    0.0
    0.0
    0.0
    0.0
    0.0
    0.0
    0.0
   78.6
    0.0
    0.0
    0.0
    0.0
    0.0
    0.0
    0.0
    0.0
   68.4
   79.2
    0.0
   66.6
    0.0
   60.6
    0.0
    0.0
    0.0
   59.4
    0.0
    0.0
    0.0
    0.0
    0.0
    0.0
    0.0
    0.0
    0.0
    0.0
    0.0
    0.0
    0.0
    0.0
    0.0
    0.0
    0.0
  155.4
    0.0
    0.0
    0.0
    0.0
    0.0
    0.0
    0.0
    0.0
   58.2
    0.0
    0.0
    0.0
    0.0
    0.0
    0.0
    0.0
    0.0
    0.0
    0.0
    0.0
    0.0
   37.2
    0.0
    0.0
   42.6
    0.0
   33.0
    0.0
    0.0
    0.0
    0.0
   73.2
    0.0
    0.0
   25.8
    0.0
    0.0
   92.4
    0.0
    0.0
    0.0
    0.0
    0.0
    0.0
    0.0
    0.0
    0.0
   43.2
    0.0
   46.2
    0.0
    0.0
    0.0
    0.0
    0.0
    0.0
    0.0
    0.0
  124.2
    0.0
    0.0
    0.0
    0.0
    0.0
    0.0
    0.0
    0.0
    0.0
    0.0
   69.6
    0.0
    0.0
   44.4
    0.0
    0.0
    0.0
    0.0
    0.0
    0.0
    0.0
    0.0
    0.0
    0.0
    0.0
    0.0
    0.0
    0.0
    0.0
    0.0
    0.0
    0.0
    0.0
    0.0
    0.0
    0.0
    0.0
    0.0
    0.0
    0.0
    0.0
    0.0
    0.0
   31.8
    0.0
    0.0
   49.2
    0.0
    0.0
    0.0
    0.0
    0.0
    0.0
    0.0
    0.0
    0.0
    0.0
    0.0
    0.0
    0.0
    0.0
    0.0
    0.0
    0.0
    0.0
    0.0
    0.0
    0.0
    0.0
    0.0
    0.0
    0.0
    0.0
    0.0
   25.2
    0.0
    0.0
    0.0
    0.0
    0.0
    0.0
   87.6
    0.0
  232.8
    0.0
    0.0
   60.6
    0.0
    0.0
    0.0
    0.0
    0.0
   71.4
    0.0
    0.0
    0.0
    0.0
   31.2
   25.8
    0.0
    0.0
    0.0
    0.0
    0.0
    0.0
    0.0
   75.6
    0.0
    0.0
    0.0
   39.6
    0.0
    0.0
    0.0
    0.0
    0.0
    0.0
    0.0
    0.0
    0.0
    0.0
    0.0
    0.0
    0.0
    0.0
    0.0
    0.0
    0.0
    0.0
   37.8
   67.2
    0.0
    0.0
    0.0
    0.0
    0.0
    0.0
   34.2
   58.8
    0.0
    0.0
    0.0
   45.0
    0.0
    0.0
    0.0
    0.0
    0.0
    0.0
    0.0
    0.0
    0.0
    0.0
    0.0
   25.8
   34.2
    0.0
    0.0
    0.0
   50.4
   49.2
    0.0
    0.0
    0.0
    0.0
   76.2
   54.0
   51.0
   44.4
    0.0
    0.0
    0.0
    0.0
    0.0
    0.0
    0.0
    0.0
   46.8
   71.4
   37.2
   32.4
    0.0
    0.0
   50.4
    0.0
    0.0
    0.0
    0.0
    0.0
    0.0
   47.4
    0.0
    0.0
    0.0
    0.0
    0.0
    0.0
    0.0
    0.0
    0.0
    0.0
    0.0
   81.0
   69.0
   37.8
    0.0
    0.0
    0.0
   87.0
    0.0
    0.0
    0.0
   53.4
   90.0
   54.6
    0.0
    0.0
    0.0
    0.0
    0.0
    0.0
    0.0
    0.0
    0.0
    0.0
    0.0
   55.2
   23.4
   30.0
    0.0
   45.6
    0.0
    0.0
    0.0
    0.0
    0.0
    0.0
    0.0
   39.0
    0.0
   64.2
    0.0
   61.8
    0.0
    0.0
    0.0
    0.0
    0.0
    0.0
    0.0
    0.0
    0.0
    0.0
    0.0
    0.0
   65.4
    0.0
    0.0
    0.0
    0.0
    0.0
    0.0
    0.0
   63.0
    0.0
    0.0
  104.4
    0.0
    0.0
    0.0
    0.0
    0.0
    0.0
    0.0
   67.2
   77.4
    0.0
    0.0
    0.0
    0.0
    0.0
   46.8
    0.0
    0.0
    0.0
   58.2
    0.0
    0.0
    0.0
    0.0
   66.0
    0.0
    0.0
   65.4
    0.0
    0.0
    0.0
    0.0
    0.0
   91.8
    0.0
    0.0
   59.4
    0.0
    0.0
    0.0
    0.0
   51.6
    0.0
    0.0
    0.0
    0.0
    0.0
    0.0
    0.0
    0.0
    0.0
    0.0
    0.0
    0.0
    0.0
    0.0
    0.0
    0.0
   58.2
    0.0
    0.0
    0.0
    0.0
    0.0
    0.0
   54.6
    0.0
    0.0
    0.0
    0.0
    0.0
   54.6
    0.0
    0.0
    0.0
    0.0
    0.0
    0.0
    0.0
    0.0
    0.0
    0.0
   39.0
    0.0
    0.0
    0.0
    0.0
    0.0
   46.8
    0.0
   56.4
    0.0
  136.8
    0.0
    0.0
    0.0
   72.0
    0.0
    0.0
    0.0
    0.0
    0.0
    0.0
    0.0
    0.0
    0.0
   51.6
   58.2
   61.8
    0.0
    0.0
    0.0
    0.0
    0.0
    0.0
    0.0
   55.2
    0.0
    0.0
    0.0
    0.0
    0.0
    0.0
    0.0
    0.0
    0.0
    0.0
    0.0
    0.0
    0.0
    0.0
    0.0
    0.0
    0.0
    0.0
   82.2
    0.0
   67.2
    0.0
    0.0
    0.0
    0.0
   12.0
    0.0
    0.0
   49.8
    0.0
    0.0
    0.0
    0.0
    0.0
    0.0
    0.0
    0.0
   56.4
    0.0
    0.0
    0.0
    0.0
    0.0
    0.0
    0.0
   40.2
    0.0
    0.0
    0.0
   73.8
   44.4
    0.0
    0.0
    0.0
    0.0
    0.0
    0.0
    0.0
    0.0
    0.0
    0.0
  120.0
    0.0
    0.0
    0.0
    0.0
    0.0
    0.0
    0.0
    0.0
   43.8
    0.0
    0.0
    0.0
    0.0
    0.0
    0.0
    0.0
    0.0
    0.0
    0.0
    0.0
    0.0
    0.0
    0.0
   64.8
    0.0
    0.0
   53.4
    0.0
    0.0
    0.0
   45.6
    0.0
   44.4
    0.0
    0.0
   71.4
   37.2
    0.0
    0.0
    0.0
    0.0
    0.0
    0.0
    0.0
    0.0
    0.0
   25.2
   43.8
    0.0
    0.0
    0.0
    0.0
    0.0
    0.0
    0.0
    0.0
    0.0
    0.0
  106.8
    0.0
    0.0
    0.0
    0.0
    0.0
    0.0
    0.0
    0.0
    0.0
    0.0
    0.0
    0.0
    0.0
    0.0
    0.0
    0.0
    0.0
    0.0
    0.0
   47.4
   38.4
    0.0
    0.0
   45.6
    0.0
   45.6
    0.0
    0.0
    0.0
    0.0
    0.0
    0.0
    0.0
    0.0
    0.0
    0.0
    0.0
    0.0
    0.0
    0.0
    0.0
   67.2
   13.2
   42.0
   55.2
    0.0
    0.0
   77.4
    0.0
    0.0
    0.0
    0.0
    0.0
    0.0
    0.0
    0.0
    0.0
    0.0
  109.8
   48.6
  108.0
    0.0
    0.0
    0.0
    0.0
    0.0
    0.0
    0.0
   49.8
    0.0
    0.0
    0.0
    0.0
    0.0
    0.0
    0.0
    0.0
    0.0
    0.0
    0.0
    0.0
    0.0
    0.0
    0.0
   24.0
    0.0
    0.0
    0.0
    0.0
    0.0
    0.0
    0.0
    0.0
    0.0
    0.0
    0.0
    0.0
    0.0
    0.0
   59.4
    0.0
    0.0
    0.0
    0.0
    0.0
    0.0
    0.0
   58.8
    0.0
    0.0
    0.0
   30.6
   29.4
   22.2
    0.0
    0.0
    0.0
    0.0
    0.0
    0.0
    0.0
    0.0
    0.0
    0.0
    0.0
    0.0
    0.0
    0.0
    0.0
    0.0
   48.6
    0.0
    0.0
    0.0
    0.0
   45.6
    0.0
    0.0
   69.0
    0.0
    0.0
    0.0
   48.0
    0.0
    0.0
   58.2
   44.4
    0.0
    0.0
    0.0
    0.0
    0.0
    0.0
    0.0
    0.0
  170.4
   63.6
   33.0
    0.0
    0.0
    0.0
    0.0
    0.0
    0.0
    0.0
   30.0
    0.0
   28.8
    0.0
    0.0
    0.0
    0.0
    0.0
    0.0
    0.0
    0.0
    0.0
    0.0
    0.0
   75.0
   49.8
    0.0
    0.0
    0.0
    0.0
    0.0
    0.0
    0.0
    0.0
    0.0
    0.0
    0.0
    0.0
    0.0
    0.0
    0.0
    0.0
    0.0
    0.0
    0.0
    0.0
    0.0
    0.0
    0.0
    0.0
    0.0
    0.0
    0.0
    0.0
    0.0
    0.0
    0.0
    0.0
    0.0
    0.0
    0.0
   43.2
   37.2
    0.0
    0.0
    0.0
    0.0
    0.0
    0.0
    0.0
    0.0
    0.0
   64.2
  105.0
    0.0
    0.0
   13.8
    0.0
    0.0
    0.0
    0.0
    0.0
    0.0
    0.0
    0.0
   34.2
    0.0
    0.0
   58.8
    0.0
    0.0
    0.0
    0.0
    0.0
    0.0
    0.0
    0.0
   57.6
    0.0
    0.0
    0.0
    0.0
    0.0
    0.0
    0.0
    0.0
    0.0
    0.0
    0.0
    0.0
    0.0
    0.0
   55.8
    0.0
    0.0
    0.0
    0.0
    0.0
    0.0
    0.0
    0.0
    0.0
   27.0
    0.0
    0.0
   60.6
    0.0
   51.0
    0.0
    0.0
    0.0
    0.0
    0.0
    0.0
   23.4
    0.0
    0.0
    0.0
    0.0
    0.0
    0.0
    0.0
    0.0
    0.0
   43.2
    0.0
    0.0
   46.8
    0.0
    0.0
    0.0
    0.0
    0.0
    0.0
   20.4
    0.0
    0.0
   51.0
    0.0
    0.0
    0.0
    0.0
    0.0
    0.0
    0.0
    0.0
    0.0
   29.4
    0.0
   31.2
   63.6
    0.0
    0.0
    0.0
    0.0
    0.0
    0.0
    0.0
   41.4
    0.0
    0.0
    0.0
    0.0
    0.0
    0.0
    0.0
    0.0
    0.0
    0.0
    0.0
    0.0
    0.0
   34.2
    0.0
    0.0
    0.0
    0.0
    0.0
    0.0
    0.0
    0.0
    0.0
    0.0
    0.0
    0.0
    0.0
   88.8
    0.0
    0.0
    0.0
    0.0
    0.0
    0.0
    0.0
    0.0
    0.0
    0.0
    0.0
    0.0
    0.0
   42.0
    0.0
    0.0
   58.2
    0.0
    0.0
    0.0
   49.2
    0.0
    0.0
    0.0
    0.0
    0.0
    0.0
    0.0
    0.0
    0.0
    0.0
    0.0
    0.0
   51.6
    0.0
   34.2
    0.0
    0.0
    0.0
    0.0
    0.0
    0.0
    0.0
    0.0
   75.6
    0.0
    0.0
    0.0
    0.0
    0.0
    0.0
    0.0
    0.0
    0.0
    0.0
    0.0
    0.0
    0.0
    0.0
    0.0
    0.0
    0.0
    0.0
    0.0
   78.0
    0.0
    0.0
    0.0
    0.0
    0.0
    0.0
    0.0
    0.0
    0.0
    0.0
    0.0
    0.0
    0.0
    0.0
    0.0
    0.0
    0.0
    0.0
    0.0
   92.4
    0.0
    0.0
    0.0
    0.0
    0.0
    0.0
    0.0
    0.0
    0.0
    0.0
    0.0
    0.0
   10.8
    0.0
    0.0
    0.0
    0.0
    0.0
    0.0
    0.0
    0.0
    0.0
   41.4
    0.0
    0.0
    0.0
    0.0
   43.8
    0.0
    0.0
   63.6
    0.0
   69.6
    0.0
   31.8
   32.4
    0.0
    0.0
    0.0
    0.0
    0.0
    0.0
    0.0
    0.0
   70.8
   63.6
   76.8
    0.0
    0.0
    0.0
    0.0
    0.0
    0.0
    0.0
    0.0
    0.0
    0.0
    0.0
   51.6
    0.0
   63.0
    0.0
    0.0
    0.0
    0.0
    0.0
    0.0
    0.0
    0.0
   80.4
    0.0
    0.0
    0.0
    0.0
    0.0
    0.0
    0.0
    0.0
    0.0
    0.0
    0.0
    0.0
   79.2
    0.0
    0.0
    0.0
    0.0
    0.0
    0.0
    0.0
    0.0
    0.0
    8.4
   95.4
    0.0
    0.0
    0.0
    0.0
    0.0
   48.6
   51.0
    0.0
    0.0
    0.0
    0.0
    0.0
   37.2
    0.0
    0.0
    0.0
    0.0
    0.0
    0.0
    0.0
    0.0
    0.0
    0.0
   69.6
    0.0
    0.0
   26.4
   48.0
    0.0
    0.0
    0.0
    0.0
    0.0
    0.0
    0.0
   41.4
   32.4
    0.0
    0.0
    0.0
    0.0
    0.0
    0.0
    0.0
    0.0
    0.0
    0.0
    0.0
    0.0
    0.0
    0.0
   48.6
   53.4
   46.8
    0.0
    0.0
    0.0
    0.0
    0.0
    0.0
    0.0
    0.0
    0.0
    0.0
    0.0
    0.0
    0.0
    0.0
    0.0
    0.0
   14.4
   64.2
    0.0
    0.0
    0.0
    0.0
    0.0
    0.0
    0.0
    0.0
   30.0
    0.0
    0.0
    0.0
    0.0
    0.0
    0.0
    0.0
    0.0
    0.0
    0.0
    0.0
    0.0
    0.0
    0.0
    0.0
    0.0
    0.0
   19.8
   45.6
    0.0
    0.0
    0.0
    0.0
    0.0
    0.0
   58.8
    0.0
    0.0
    0.0
    0.0
    0.0
    0.0
    0.0
    0.0
    0.0
    0.0
    0.0
    0.0
   55.8
   57.6
    0.0
    0.0
   24.0
    0.0
    0.0
    0.0
    0.0
   66.0
   52.2
    0.0
    0.0
    0.0
    0.0
    0.0
    0.0
    0.0
    0.0
    0.0
    0.0
    0.0
    0.0
    0.0
    0.0
    0.0
    0.0
    0.0
    0.0
    0.0
    0.0
    0.0
  100.2
   33.6
   79.2
    0.0
    0.0
    0.0
    0.0
   49.8
    0.0
    0.0
    0.0
    0.0
    0.0
    0.0
    0.0
    0.0
    0.0
    0.0
    0.0
    0.0
    0.0
    0.0
    0.0
   40.2
    0.0
    0.0
    0.0
   50.4
   28.2
    0.0
    0.0
    0.0
    0.0
    0.0
    0.0
    0.0
    0.0
    0.0
    0.0
    0.0
   24.6
    0.0
    0.0
    0.0
    0.0
    0.0
   58.8
    0.0
    0.0
    0.0
    0.0
    0.0
    0.0
    0.0
   57.6
    0.0
    0.0
    0.0
    0.0
    0.0
    0.0
    0.0
    0.0
   51.6
    0.0
    0.0
    0.0
    0.0
    0.0
    0.0
    0.0
    0.0
    0.0
    0.0
    0.0
    0.0
    0.0
    0.0
    0.0
    0.0
    0.0
    0.0
    0.0
    0.0
    0.0
    0.0
    0.0
    0.0
    0.0
    0.0
    0.0
    0.0
    0.0
    0.0
    0.0
    0.0
    0.0
   44.4
    0.0
    0.0
    0.0
    0.0
    0.0
    0.0
    0.0
    0.0
    0.0
    0.0
    0.0
    0.0
    0.0
   36.6
    0.0
    0.0
   44.4
    0.0
    0.0
    0.0
    0.0
    0.0
    0.0
    0.0
   69.0
   34.2
   42.6
    0.0
    0.0
    0.0
    0.0
    0.0
    0.0
    0.0
    0.0
    0.0
    0.0
    0.0
    0.0
    0.0
    0.0
    0.0
   48.0
    0.0
    0.0
    0.0
    0.0
    0.0
    0.0
    0.0
    0.0
    0.0
   60.0
    0.0
    0.0
    0.0
    0.0
    0.0
    0.0
    0.0
    0.0
   22.8
    0.0
    0.0
    0.0
    0.0
    0.0
    0.0
    0.0
    0.0
   37.2
    0.0
    0.0
    0.0
    0.0
    0.0
    0.0
    0.0
    0.0
   41.4
    0.0
    0.0
    0.0
    0.0
    0.0
    0.0
    0.0
   63.6
  114.0
    0.0
    0.0
    0.0
    0.0
    0.0
   54.6
    0.0
    0.0
   34.8
    0.0
    0.0
    0.0
    0.0
    0.0
    0.0
    0.0
    0.0
    0.0
    0.0
   64.8
   35.4
    0.0
   24.0
    0.0
    0.0
    0.0
    0.0
    0.0
    0.0
    0.0
   49.2
    0.0
    0.0
    0.0
  113.4
   29.4
   52.8
    0.0
    0.0
    0.0
    0.0
    0.0
    0.0
    0.0
    0.0
    0.0
    0.0
    0.0
    0.0
    0.0
    0.0
    0.0
    0.0
    0.0
    0.0
    0.0
   41.4
    0.0
    0.0
    0.0
    0.0
    0.0
    0.0
    0.0
    0.0
    0.0
   54.6
    0.0
   42.6
    0.0
    0.0
    0.0
    0.0
    0.0
   62.4
    0.0
    0.0
    0.0
    0.0
   50.4
    0.0
    0.0
   40.8
    0.0
    0.0
    0.0
    0.0
    0.0
    0.0
    0.0
    0.0
    0.0
    0.0
    0.0
   42.6
    0.0
    0.0
    0.0
   57.0
   38.4
    0.0
    0.0
    0.0
    0.0
    0.0
   46.8
    0.0
    0.0
    0.0
    0.0
    0.0
    0.0
    0.0
    0.0
    0.0
    0.0
    0.0
    0.0
    0.0
   32.4
   46.8
    0.0
    0.0
    0.0
    0.0
    0.0
    0.0
    0.0
    0.0
    0.0
    0.0
    0.0
   31.8
    0.0
    0.0
    0.0
    0.0
    0.0
    0.0
    0.0
    0.0
   32.4
    0.0
    0.0
    0.0
    0.0
    0.0
    0.0
    0.0
    0.0
    0.0
    0.0
    0.0
    0.0
    0.0
    0.0
    0.0
    0.0
    0.0
    0.0
    0.0
    0.0
    0.0
    0.0
   35.4
   82.8
    0.0
    0.0
    0.0
    0.0
    0.0
    0.0
    0.0
    0.0
    0.0
    0.0
    0.0
    0.0
    0.0
    0.0
    0.0
    0.0
    0.0
    0.0
    0.0
    0.0
    0.0
    0.0
    0.0
    0.0
    0.0
    0.0
    0.0
    0.0
    0.0
    0.0
    0.0
    0.0
    0.0
    0.0
    0.0
    0.0
    0.0
    0.0
    0.0
    0.0
    0.0
    0.0
    0.0
    0.0
    0.0
    0.0
    0.0
   25.8
    0.0
    0.0
    0.0
   39.0
    0.0
    0.0
   78.6
    0.0
   41.4
    0.0
    0.0
    0.0
    0.0
   50.4
    0.0
    0.0
    0.0
    0.0
    0.0
    0.0
    0.0
   55.2
    0.0
   28.8
    0.0
    0.0
    0.0
    0.0
    0.0
    0.0
    0.0
    0.0
    0.0
    0.0
    0.0
   49.8
    0.0
    0.0
    0.0
    0.0
    0.0
    0.0
    0.0
    0.0
    0.0
   43.2
    0.0
   40.8
    0.0
    0.0
    0.0
    0.0
    0.0
    0.0
    0.0
    0.0
    0.0
    0.0
    0.0
    0.0
    0.0
    0.0
    0.0
    0.0
    0.0
    0.0
    0.0
    0.0
    0.0
   70.2
   44.4
    0.0
    0.0
    0.0
    0.0
   63.6
    0.0
    0.0
    0.0
    0.0
   53.4
   46.2
   85.8
    0.0
    0.0
    0.0
    0.0
    0.0
    0.0
    0.0
    0.0
    0.0
    0.0
    0.0
   62.4
    0.0
    0.0
    0.0
    0.0
    0.0
  102.6
    0.0
    0.0
    0.0
    0.0
   35.4
    0.0
   49.8
    0.0
    0.0
    0.0
    0.0
    0.0
    0.0
    0.0
    0.0
    0.0
    0.0
    0.0
    0.0
    0.0
    0.0
    0.0
    0.0
    0.0
    0.0
    0.0
    0.0
    0.0
    0.0
    0.0
    0.0
    0.0
    0.0
    0.0
    0.0
    0.0
    0.0
    0.0
    0.0
    0.0
    0.0
   24.6
    0.0
   62.4
    0.0
    0.0
    0.0
   52.8
    0.0
    0.0
    0.0
    0.0
    0.0
    0.0
    0.0
    0.0
    0.0
    0.0
    0.0
    0.0
    0.0
    0.0
    0.0
    0.0
    0.0
    0.0
    0.0
   77.4
    0.0
    0.0
    0.0
    0.0
    0.0
    0.0
    0.0
    0.0
    0.0
    0.0
    0.0
    0.0
    0.0
    0.0
    0.0
    0.0
    0.0
    0.0
    0.0
    0.0
    0.0
    0.0
    0.0
   48.6
    0.0
    0.0
    0.0
   39.6
    0.0
    0.0
    0.0
    0.0
    0.0
    0.0
    0.0
    0.0
    0.0
    0.0
    0.0
    0.0
    0.0
    0.0
    0.0
    0.0
   84.0
    0.0
    0.0
    0.0
    0.0
  160.2
    0.0
    0.0
    0.0
    0.0
    0.0
    0.0
    0.0
   66.0
    0.0
    0.0
   49.2
   60.6
    0.0
    0.0
    0.0
    0.0
    0.0
    0.0
    0.0
    0.0
    0.0
    0.0
    0.0
    0.0
    0.0
    0.0
   40.2
    0.0
    0.0
    0.0
    0.0
    0.0
    0.0
    0.0
    0.0
    0.0
    0.0
    0.0
    0.0
    0.0
    0.0
    0.0
   64.2
  104.4
    0.0
    0.0
    0.0
    0.0
    0.0
    0.0
    0.0
   68.4
    0.0
    0.0
    0.0
    0.0
    0.0
    0.0
    0.0
    0.0
    0.0
    0.0
    0.0
    0.0
    0.0
    0.0
    0.0
   57.6
   52.8
    0.0
    0.0
    0.0
    0.0
    0.0
    0.0
    0.0
    0.0
    0.0
   36.6
   39.6
   38.4
   36.6
    0.0
   56.4
    0.0
    0.0
    0.0
    0.0
    0.0
    0.0
    0.0
   44.4
    0.0
    0.0
    0.0
    0.0
    0.0
    0.0
    0.0
    0.0
    0.0
    0.0
    0.0
    0.0
    0.0
    0.0
   22.8
    0.0
    0.0
    0.0
    0.0
    0.0
    0.0
    0.0
    0.0
   27.0
   60.6
    0.0
    0.0
    0.0
    0.0
    0.0
    0.0
    0.0
    0.0
    0.0
    0.0
    0.0
   19.2
    0.0
    0.0
   36.0
    0.0
    0.0
    0.0
    0.0
    0.0
    0.0
    0.0
  136.8
   63.6
   43.8
    0.0
    0.0
    0.0
   41.4
    0.0
    0.0
    0.0
    0.0
    0.0
  106.2
   72.6
    0.0
    0.0
    0.0
    0.0
    0.0
    0.0
    0.0
    0.0
    0.0
  117.0
   39.0
    0.0
    0.0
    0.0
    0.0
    0.0
    0.0
    0.0
    0.0
    0.0
    0.0
   88.8
    0.0
    0.0
    0.0
    0.0
   42.0
    0.0
    0.0
    0.0
    0.0
    0.0
    0.0
   18.6
    0.0
    0.0
    0.0
   51.6
    0.0
    0.0
   21.0
    0.0
    0.0
    0.0
   39.0
    0.0
    0.0
    0.0
    0.0
   66.6
    0.0
    0.0
    0.0
    0.0
    0.0
    0.0
    0.0
    0.0
    0.0
   54.0
    0.0
   54.6
    0.0
    0.0
    0.0
    0.0
    0.0
    0.0
    0.0
    0.0
   63.0
  123.6
    0.0
    0.0
    0.0
    0.0
    0.0
    0.0
    0.0
    0.0
    0.0
    0.0
    0.0
   46.8
   25.8
    0.0
    0.0
    0.0
    0.0
    0.0
   86.4
    0.0
    0.0
    0.0
    0.0
    0.0
   12.6
    0.0
   48.6
    0.0
    0.0
    0.0
    0.0
    0.0
    0.0
    0.0
   24.6
    0.0
    0.0
    0.0
    0.0
    0.0
    0.0
    0.0
    0.0
    0.0
    0.0
    0.0
    0.0
    0.0
   63.0
    0.0
    0.0
    0.0
    0.0
    0.0
    0.0
    0.0
    0.0
   78.0
    0.0
    0.0
   45.0
    0.0
    0.0
    0.0
    0.0
    0.0
    0.0
    0.0
    0.0
   72.0
    0.0
    0.0
    0.0
    0.0
    0.0
    0.0
    0.0
    0.0
    0.0
    0.0
    0.0
    0.0
    0.0
    0.0
    0.0
    0.0
   52.2
   11.4
    0.0
    0.0
    0.0
   33.6
    0.0
    0.0
   51.0
   12.6
    0.0
    0.0
    0.0
    0.0
    0.0
    0.0
    0.0
    0.0
    0.0
    0.0
    0.0
    0.0
   52.8
    0.0
    0.0
    0.0
    0.0
    0.0
    0.0
    0.0
   64.2
    0.0
    0.0
    0.0
    0.0
    0.0
    0.0
    0.0
    0.0
    0.0
    0.0
    0.0
    0.0
   84.6
    0.0
    0.0
    0.0
    0.0
    0.0
    0.0
    0.0
    0.0
   79.8
    0.0
    0.0
    0.0
    0.0
   75.0
    0.0
    0.0
    0.0
    0.0
    0.0
    0.0
    0.0
    0.0
    0.0
   44.4
    0.0
    0.0
   63.6
    0.0
    0.0
    0.0
    0.0
    0.0
    0.0
    0.0
    9.6
    0.0
    0.0
   54.0
    0.0
    0.0
    0.0
    0.0
    0.0
    0.0
   60.0
    0.0
    0.0
    0.0
   94.8
    0.0
    0.0
    0.0
    0.0
    0.0
   57.0
    0.0
    0.0
    0.0
   52.2
    0.0
    0.0
    0.0
    0.0
    0.0
    0.0
    0.0
    0.0
    0.0
    0.0
    0.0
    0.0
    0.0
    0.0
   45.0
    0.0
  133.2
    0.0
   52.2
    0.0
    0.0
    0.0
    0.0
    0.0
    0.0
    0.0
    0.0
    0.0
    0.0
    0.0
    0.0
    0.0
    0.0
    0.0
    0.0
    0.0
   72.0
    0.0
    0.0
    0.0
    0.0
   23.4
    0.0
    0.0
    0.0
    0.0
    0.0
    0.0
    0.0
    0.0
    0.0
    0.0
    0.0
    0.0
    0.0
    0.0
    0.0
    0.0
    0.0
    0.0
   40.8
    0.0
   93.6
   46.2
    0.0
    0.0
    0.0
    0.0
    0.0
    0.0
    0.0
   22.2
    0.0
    0.0
   35.4
    0.0
    0.0
    0.0
    0.0
    0.0
    0.0
    0.0
    0.0
    0.0
   20.4
    0.0
    0.0
    0.0
    0.0
    0.0
    0.0
    0.0
    0.0
    0.0
    0.0
   31.2
    0.0
    0.0
   61.2
    0.0
    0.0
    0.0
    0.0
    0.0
    0.0
    0.0
    0.0
    0.0
    0.0
    0.0
  160.8
    0.0
    0.0
    0.0
    0.0
    0.0
    0.0
    0.0
    0.0
    0.0
    0.0
    0.0
    0.0
    0.0
    0.0
    0.0
    0.0
    0.0
    0.0
    0.0
    0.0
    0.0
    0.0
    0.0
    0.0
    0.0
    0.0
    0.0
    0.0
    0.0
    0.0
    0.0
    0.0
    0.0
    0.0
    0.0
    0.0
    0.0
    0.0
    0.0
    0.0
    0.0
    0.0
    0.0
    0.0
    0.0
    0.0
    0.0
    0.0
   83.4
    0.0
    0.0
    0.0
    0.0
    0.0
    0.0
    0.0
    0.0
    0.0
    0.0
    0.0
    0.0
    0.0
    0.0
    0.0
    0.0
    0.0
    0.0
   40.8
    0.0
    0.0
   41.4
    0.0
    0.0
    0.0
    0.0
    0.0
    0.0
    0.0
    0.0
    0.0
    0.0
    0.0
    0.0
    0.0
   42.0
    0.0
    0.0
    0.0
    0.0
    0.0
    0.0
    0.0
    0.0
   85.2
    0.0
   66.6
    0.0
    0.0
   49.8
   62.4
    0.0
    0.0
    0.0
    0.0
    0.0
    0.0
   28.8
    0.0
    0.0
    0.0
    0.0
    0.0
    0.0
    0.0
    0.0
    0.0
    0.0
    0.0
    0.0
    0.0
    0.0
    0.0
    0.0
    0.0
    0.0
    0.0
    0.0
    0.0
    0.0
    0.0
    0.0
    0.0
    0.0
    0.0
   26.4
    0.0
    0.0
    0.0
    0.0
    0.0
    0.0
    0.0
  103.2
    0.0
    0.0
    0.0
   26.4
    0.0
    0.0
    0.0
    0.0
    0.0
   59.4
    0.0
    0.0
    0.0
    0.0
    0.0
    0.0
    0.0
    0.0
    0.0
    0.0
    0.0
    0.0
    0.0
    0.0
   61.2
    0.0
    0.0
   39.6
    0.0
    0.0
    0.0
   55.8
    0.0
    0.0
    0.0
    0.0
    0.0
   60.6
   67.8
    0.0
    0.0
    0.0
    0.0
    0.0
    0.0
    0.0
    0.0
    0.0
   24.6
    0.0
   43.2
    0.0
    0.0
   31.8
    0.0
    0.0
    0.0
   16.2
    0.0
   19.8
    0.0
    0.0
    0.0
    0.0
    0.0
    0.0
    0.0
    0.0
    0.0
    0.0
    0.0
    0.0
   50.4
    0.0
    0.0
    0.0
    0.0
    0.0
   42.0
    0.0
    0.0
    0.0
    0.0
   18.6
    0.0
    0.0
    0.0
    0.0
    0.0
    0.0
    0.0
    0.0
    0.0
    0.0
   46.8
    0.0
    0.0
    0.0
    0.0
    0.0
    0.0
    0.0
    0.0
    0.0
    0.0
    0.0
    0.0
    0.0
    0.0
    0.0
    0.0
    0.0
    0.0
    0.0
    0.0
    0.0
    0.0
    0.0
    0.0
   43.2
   54.0
    0.0
    0.0
    0.0
    0.0
    0.0
    0.0
    0.0
    0.0
   26.4
    0.0
    0.0
    0.0
    0.0
    0.0
    0.0
    0.0
    0.0
    0.0
    0.0
    0.0
    0.0
    0.0
  107.4
   55.8
    0.0
    0.0
    0.0
   15.6
    0.0
    0.0
    0.0
    0.0
    0.0
    0.0
   98.4
    0.0
   67.2
   10.2
   40.2
    0.0
    0.0
    0.0
    0.0
    0.0
    0.0
    0.0
    0.0
    0.0
  106.8
    0.0
    0.0
    0.0
    0.0
    0.0
    0.0
    0.0
    0.0
    0.0
    0.0
  105.0
    0.0
    0.0
    0.0
    0.0
    0.0
    0.0
    0.0
    0.0
    0.0
   48.0
    0.0
    0.0
    0.0
    0.0
    0.0
    0.0
    0.0
    0.0
    0.0
    0.0
    0.0
    0.0
    0.0
    0.0
    0.0
    0.0
    0.0
    0.0
    0.0
    0.0
    0.0
    0.0
    0.0
   40.2
    0.0
    0.0
   29.4
    0.0
    0.0
    0.0
    0.0
    0.0
    0.0
    0.0
    0.0
   51.6
    0.0
   39.6
   28.2
    0.0
    0.0
    0.0
    0.0
    0.0
    0.0
    0.0
    0.0
    0.0
    0.0
    0.0
    0.0
    0.0
    0.0
    0.0
    0.0
    0.0
    0.0
   18.6
    0.0
    0.0
    0.0
    0.0
    0.0
    0.0
    0.0
    0.0
    0.0
    0.0
    0.0
    0.0
    0.0
    0.0
   43.2
    0.0
    0.0
    0.0
    0.0
    0.0
    0.0
    0.0
    0.0
    0.0
    0.0
    0.0
    0.0
   79.8
   23.4
    0.0
    0.0
    0.0
    0.0
    0.0
    0.0
    0.0
    0.0
    0.0
   54.6
   46.2
    0.0
    0.0
   55.8
    0.0
    0.0
    0.0
    0.0
    0.0
    0.0
    0.0
   40.8
    0.0
    0.0
    0.0
    0.0
    0.0
    0.0
    0.0
    0.0
    0.0
    0.0
   47.4
    0.0
    0.0
    0.0
    0.0
   51.6
   73.8
    0.0
   57.0
    0.0
   58.8
    0.0
    0.0
    0.0
   17.4
   62.4
    0.0
    0.0
    0.0
    0.0
    0.0
    0.0
    0.0
    0.0
    0.0
    0.0
    0.0
    0.0
    0.0
    0.0
    0.0
   62.4
    0.0
    0.0
    0.0
    0.0
    0.0
    0.0
    0.0
    0.0
    0.0
    0.0
    0.0
    0.0
    0.0
    0.0
    0.0
    0.0
   13.8
    0.0
    0.0
    0.0
    0.0
    0.0
    0.0
    0.0
    0.0
    0.0
    0.0
    0.0
    0.0
    0.0
   42.0
    0.0
    0.0
    0.0
    0.0
    0.0
    0.0
    0.0
    0.0
    0.0
   16.2
    0.0
    0.0
    0.0
    0.0
    0.0
    0.0
    0.0
    0.0
    0.0
    0.0
    0.0
    0.0
    0.0
    0.0
    0.0
    0.0
    0.0
    0.0
    0.0
    0.0
    0.0
    0.0
    0.0
    0.0
    0.0
   33.6
    0.0
    0.0
    0.0
    0.0
    0.0
    0.0
    0.0
    0.0
    0.0
    0.0
    0.0
    0.0
    0.0
    0.0
   75.0
    0.0
    0.0
    0.0
    0.0
    0.0
    0.0
    0.0
    0.0
   51.6
    0.0
    0.0
    0.0
    0.0
    0.0
    0.0
  124.8
    0.0
    0.0
    0.0
    0.0
    0.0
   34.8
    0.0
    0.0
    0.0
    0.0
    0.0
    0.0
    0.0
    0.0
    0.0
   36.6
    0.0
   55.2
    0.0
    0.0
    0.0
   72.0
   58.2
    0.0
    0.0
    0.0
    0.0
   66.6
    0.0
    0.0
    0.0
    0.0
    0.0
    0.0
    0.0
    0.0
    0.0
    0.0
    0.0
    0.0
   52.8
   58.2
    0.0
    0.0
    0.0
    0.0
    0.0
    0.0
    0.0
    0.0
    0.0
    0.0
    0.0
    0.0
    0.0
    0.0
    0.0
    0.0
    0.0
    0.0
    0.0
    0.0
    0.0
    0.0
    0.0
   43.8
    0.0
    0.0
    0.0
   76.2
    0.0
    0.0
    0.0
    0.0
    0.0
   51.0
    0.0
    0.0
    0.0
    0.0
    0.0
    0.0
    0.0
    0.0
    0.0
    0.0
    0.0
    0.0
    0.0
   23.4
    0.0
    0.0
    0.0
    0.0
    0.0
    0.0
    0.0
    0.0
    0.0
    0.0
    0.0
    0.0
    0.0
    0.0
    0.0
    0.0
    0.0
    0.0
    0.0
    0.0
   55.2
    0.0
    0.0
    0.0
    0.0
    0.0
    0.0
    0.0
    0.0
    0.0
    0.0
    0.0
   60.0
    0.0
    0.0
    0.0
    0.0
    0.0
    0.0
    0.0
    0.0
    0.0
    0.0
    0.0
    0.0
    0.0
    0.0
    0.0
    0.0
    0.0
    0.0
    0.0
    0.0
    0.0
    0.0
    0.0
    0.0
    0.0
    0.0
    0.0
    0.0
    0.0
    0.0
    0.0
    0.0
    0.0
    0.0
    0.0
   39.6
    0.0
    0.0
    0.0
    0.0
    0.0
    0.0
    0.0
    0.0
    0.0
    0.0
    0.0
    0.0
   63.6
    0.0
    0.0
    0.0
    0.0
    0.0
    0.0
    0.0
    0.0
    0.0
    0.0
    0.0
    0.0
    0.0
    0.0
    0.0
    0.0
    0.0
    0.0
    0.0
    0.0
    0.0
    0.0
    0.0
    0.0
    0.0
    0.0
    0.0
    0.0
    0.0
    0.0
    0.0
    0.0
    0.0
    0.0
    0.0
   30.0
    0.0
    0.0
    0.0
    0.0
    0.0
    0.0
    0.0
    0.0
    0.0
    0.0
    0.0
    0.0
    0.0
    0.0
    0.0
    0.0
    0.0
    0.0
    0.0
    0.0
    0.0
    0.0
    0.0
   45.0
   72.0
    0.0
    0.0
    0.0
    0.0
    0.0
    0.0
   15.0
    0.0
    0.0
    0.0
    0.0
    0.0
    0.0
    0.0
    0.0
    0.0
    0.0
    0.0
    0.0
    0.0
    0.0
    0.0
   40.2
    0.0
    0.0
   37.8
    0.0
    0.0
   67.8
    0.0
    0.0
    0.0
    0.0
   19.8
    0.0
   54.6
    0.0
    0.0
    0.0
    0.0
    0.0
    0.0
    0.0
    0.0
    0.0
    0.0
   42.6
    0.0
    0.0
    0.0
    0.0
    0.0
    0.0
    0.0
    0.0
    0.0
    0.0
    0.0
    0.0
    0.0
   66.6
    0.0
    0.0
    0.0
    0.0
    0.0
    0.0
    0.0
    0.0
   61.8
    0.0
    0.0
    0.0
    0.0
    0.0
    0.0
    0.0
    0.0
    0.0
    0.0
    0.0
    0.0
    0.0
    0.0
    0.0
    0.0
    0.0
    0.0
    0.0
    0.0
    0.0
    0.0
    0.0
    0.0
    0.0
    0.0
    0.0
    0.0
    0.0
    0.0
    0.0
    0.0
    0.0
    0.0
    0.0
    0.0
    0.0
    0.0
    0.0
   42.0
    0.0
    0.0
    0.0
    0.0
    0.0
    0.0
    0.0
    0.0
    0.0
   48.6
    0.0
    0.0
    0.0
    0.0
    0.0
    0.0
    0.0
    0.0
    0.0
    0.0
    0.0
   66.6
    0.0
    0.0
    0.0
    0.0
    0.0
    0.0
    0.0
    0.0
    0.0
    0.0
    0.0
    0.0
    0.0
   68.4
    0.0
    0.0
    0.0
    0.0
    0.0
    0.0
    0.0
    0.0
    0.0
    0.0
   60.6
    0.0
    0.0
    0.0
    0.0
    0.0
    0.0
    0.0
    0.0
   18.0
    0.0
   55.8
    0.0
    0.0
    0.0
   34.8
   35.4
    0.0
    0.0
   33.6
    0.0
    0.0
  120.0
   53.4
    0.0
    0.0
    0.0
    0.0
    0.0
    0.0
    0.0
    0.0
    0.0
   23.4
    0.0
    0.0
   49.8
    0.0
   42.0
    0.0
   24.6
    0.0
    0.0
    0.0
   81.0
   34.2
   37.2
   49.8
    0.0
    0.0
    0.0
    0.0
    0.0
    0.0
    0.0
    0.0
    0.0
    0.0
    0.0
    0.0
    0.0
    0.0
    0.0
    0.0
   63.6
    0.0
    0.0
    0.0
  101.4
    0.0
    0.0
    0.0
    0.0
    0.0
   42.6
    0.0
    0.0
    0.0
    0.0
    0.0
    0.0
    0.0
    0.0
   24.0
    0.0
    0.0
    0.0
    0.0
    0.0
    0.0
    0.0
   42.6
    0.0
    0.0
    0.0
   49.8
   69.0
    0.0
    0.0
    0.0
    0.0
    0.0
    0.0
    0.0
    0.0
    0.0
    0.0
    0.0
    0.0
    0.0
    0.0
    0.0
    0.0
   43.2
    0.0
    0.0
    0.0
    0.0
    0.0
    0.0
    0.0
    0.0
   37.2
    0.0
    0.0
    0.0
    0.0
    0.0
    0.0
    0.0
    0.0
    0.0
    0.0
    0.0
    0.0
    0.0
    0.0
    0.0
    0.0
    0.0
    0.0
    0.0
    0.0
   76.8
    0.0
    0.0
    0.0
    0.0
    0.0
    0.0
    0.0
    0.0
    0.0
    0.0
    0.0
    0.0
    0.0
    0.0
    0.0
    0.0
    0.0
    0.0
    0.0
    0.0
    0.0
    0.0
    0.0
    0.0
    0.0
    0.0
    0.0
    0.0
    0.0
    0.0
    0.0
    0.0
    0.0
    0.0
    0.0
   46.8
    0.0
    0.0
    0.0
    0.0
    0.0
    0.0
    0.0
    0.0
   33.0
    0.0
    0.0
    0.0
    0.0
    0.0
    0.0
    0.0
    0.0
    0.0
    0.0
    0.0
    0.0
    0.0
    0.0
    0.0
    0.0
    0.0
    0.0
    0.0
    0.0
    0.0
    0.0
    0.0
    0.0
    0.0
    0.0
    0.0
    0.0
    0.0
    0.0
    0.0
    0.0
    0.0
    0.0
    0.0
    0.0
    0.0
    0.0
   58.8
    0.0
    0.0
    0.0
    0.0
    0.0
    0.0
    0.0
    0.0
    0.0
    0.0
    0.0
   39.0
    0.0
    0.0
    0.0
    0.0
    0.0
    0.0
    0.0
    0.0
    0.0
    0.0
  138.0
   59.4
    0.0
    0.0
    0.0
    0.0
   36.0
    0.0
    0.0
    0.0
    0.0
    0.0
    0.0
    0.0
    0.0
    0.0
    0.0
    0.0
    0.0
    0.0
    0.0
    0.0
    0.0
    0.0
    0.0
   52.2
    0.0
    0.0
    0.0
    0.0
    0.0
   48.6
    0.0
    0.0
    0.0
    0.0
    0.0
    0.0
    0.0
    0.0
    0.0
    0.0
    0.0
    0.0
    0.0
    0.0
    0.0
    0.0
    0.0
   42.0
    0.0
    0.0
    0.0
    0.0
    0.0
    0.0
    0.0
    0.0
   59.4
    0.0
    0.0
    0.0
    0.0
    0.0
    0.0
    0.0
    0.0
    0.0
    0.0
    0.0
    0.0
    0.0
    0.0
   75.0
    0.0
    0.0
    0.0
    0.0
    0.0
   58.8
   20.4
    0.0
   22.8
    0.0
    0.0
    0.0
    0.0
    0.0
    0.0
    0.0
    0.0
    0.0
    0.0
    0.0
    0.0
   18.0
   58.2
    0.0
    0.0
    0.0
    0.0
    0.0
    0.0
    0.0
    0.0
   66.6
    0.0
    0.0
   42.6
    0.0
    0.0
    0.0
    0.0
    0.0
    0.0
    0.0
    0.0
    0.0
    0.0
    0.0
   40.8
    0.0
    0.0
    0.0
    0.0
    0.0
    0.0
    0.0
    0.0
    0.0
    0.0
    0.0
   76.2
    0.0
    0.0
    0.0
    0.0
    0.0
    0.0
    0.0
    0.0
    0.0
    0.0
    0.0
    0.0
    0.0
    0.0
    0.0
    0.0
    0.0
    0.0
   60.6
    0.0
    0.0
    0.0
    0.0
   42.6
    0.0
    0.0
    0.0
    0.0
    0.0
    0.0
    0.0
    0.0
    0.0
    0.0
    0.0
    0.0
    0.0
    0.0
    0.0
    0.0
    0.0
    0.0
   78.6
    0.0
    0.0
    0.0
    0.0
    0.0
    0.0
    0.0
    0.0
    0.0
    0.0
    0.0
    0.0
    0.0
    0.0
    0.0
    0.0
    0.0
    0.0
    0.0
    0.0
    0.0
    0.0
   42.0
    0.0
    0.0
    0.0
    0.0
    0.0
    0.0
    0.0
    0.0
    0.0
    0.0
    0.0
    0.0
    0.0
    0.0
    0.0
    0.0
    0.0
    0.0
    0.0
    0.0
    0.0
    0.0
    0.0
    0.0
    0.0
    0.0
    0.0
  106.2
    0.0
    0.0
    0.0
    0.0
    0.0
    0.0
    0.0
    0.0
    0.0
    0.0
    0.0
    0.0
   36.6
    0.0
    0.0
   58.2
    0.0
    0.0
    0.0
   31.2
    0.0
    0.0
    0.0
    0.0
   52.2
    0.0
    0.0
    0.0
    0.0
    0.0
    0.0
    0.0
    0.0
    0.0
    0.0
    0.0
    0.0
    0.0
    0.0
    0.0
    0.0
    0.0
    0.0
   67.2
    0.0
    0.0
    0.0
    0.0
    0.0
    0.0
    0.0
   48.0
    0.0
    0.0
    0.0
    0.0
    0.0
    0.0
    0.0
    0.0
    0.0
   38.4
   70.2
    0.0
    0.0
   58.8
    0.0
    0.0
    0.0
    0.0
    0.0
    0.0
    0.0
    0.0
    0.0
    0.0
    0.0
    0.0
    0.0
    0.0
    0.0
    0.0
    0.0
    0.0
    0.0
    0.0
   54.0
   33.6
    0.0
    0.0
    0.0
   45.6
    0.0
    0.0
    0.0
    0.0
    0.0
    0.0
    0.0
    0.0
    0.0
    0.0
    0.0
    0.0
    0.0
    0.0
    0.0
    0.0
    0.0
   47.4
   28.8
    0.0
    0.0
    0.0
   16.8
    0.0
    0.0
    0.0
    0.0
    0.0
    0.0
   15.0
   64.8
    0.0
    0.0
    0.0
    0.0
    0.0
    0.0
    0.0
    0.0
    0.0
    0.0
    0.0
    0.0
    0.0
    0.0
    0.0
    0.0
    0.0
    0.0
    0.0
    0.0
    0.0
    0.0
    0.0
    0.0
   36.6
   19.2
   55.2
    0.0
    0.0
    0.0
    0.0
    0.0
    0.0
    0.0
    0.0
    0.0
   27.0
    0.0
    0.0
    0.0
    0.0
    0.0
    0.0
    0.0
    0.0
    0.0
    0.0
    0.0
   92.4
    0.0
    0.0
    0.0
    0.0
    0.0
    0.0
    0.0
    0.0
    0.0
    0.0
    0.0
    0.0
    0.0
    0.0
    0.0
    0.0
    0.0
    0.0
    0.0
    0.0
    0.0
   41.4
    0.0
    0.0
    0.0
    0.0
    0.0
    0.0
    0.0
    0.0
    0.0
    0.0
    0.0
    0.0
   66.0
    0.0
   43.8
   54.0
    0.0
    0.0
   27.6
    0.0
    0.0
    0.0
    0.0
   60.6
    0.0
   54.0
    0.0
    0.0
    0.0
    0.0
    0.0
    0.0
    0.0
    0.0
    0.0
   69.6
   72.0
   51.0
    0.0
    0.0
   49.8
    0.0
    0.0
    0.0
    0.0
    0.0
    0.0
    0.0
    0.0
    0.0
    0.0
    0.0
    0.0
    0.0
    0.0
    0.0
    0.0
    0.0
    0.0
    0.0
   33.0
    0.0
    0.0
    0.0
    0.0
   45.6
    0.0
    0.0
   52.2
    0.0
    0.0
    0.0
    0.0
    0.0
    0.0
    0.0
    0.0
    0.0
    0.0
    0.0
    0.0
    0.0
    0.0
   82.8
   49.8
   84.6
    0.0
    0.0
    0.0
    0.0
    0.0
    0.0
    0.0
   55.8
   46.2
    0.0
    0.0
    0.0
    0.0
    0.0
    0.0
    0.0
    0.0
    0.0
    0.0
    0.0
    0.0
  113.4
    0.0
    0.0
    0.0
    0.0
    0.0
    0.0
    0.0
    0.0
    0.0
    0.0
    0.0
    0.0
   70.2
    0.0
    0.0
    0.0
    0.0
    0.0
    0.0
    0.0
    0.0
    0.0
    0.0
    0.0
   45.0
    0.0
    0.0
    0.0
    0.0
    0.0
    0.0
    0.0
    0.0
    0.0
    0.0
    0.0
    0.0
    0.0
    0.0
    0.0
    0.0
    0.0
    0.0
    0.0
    0.0
    0.0
    0.0
    0.0
    0.0
    0.0
    0.0
   61.8
    0.0
    0.0
    0.0
    0.0
    0.0
    0.0
    0.0
    0.0
   73.2
    0.0
    0.0
    0.0
    0.0
    0.0
    0.0
    0.0
    0.0
    0.0
    0.0
   90.0
    0.0
   43.8
    0.0
    0.0
    0.0
    0.0
   54.0
    0.0
    0.0
    0.0
    0.0
   43.2
    0.0
    0.0
    0.0
    0.0
    0.0
    0.0
    0.0
    0.0
    0.0
    0.0
    0.0
   71.4
    0.0
    0.0
    0.0
    0.0
    0.0
   40.2
    0.0
    0.0
    0.0
    0.0
    0.0
    0.0
   37.8
    0.0
    0.0
    0.0
    0.0
    0.0
    0.0
    0.0
    0.0
    0.0
    0.0
    0.0
   46.2
    0.0
    0.0
    0.0
    0.0
    0.0
    0.0
    0.0
    0.0
    0.0
    0.0
    0.0
   33.6
   39.6
    0.0
    0.0
    0.0
    0.0
    0.0
    0.0
    0.0
    0.0
    0.0
   47.4
   61.2
    0.0
    0.0
   28.8
    0.0
    0.0
    0.0
    0.0
    0.0
    0.0
    0.0
    0.0
    0.0
    0.0
    0.0
    0.0
    0.0
    0.0
    0.0
    0.0
    0.0
    0.0
    0.0
   68.4
    0.0
    0.0
    0.0
    0.0
    0.0
    0.0
    0.0
    0.0
    0.0
    0.0
   28.2
    0.0
    0.0
    0.0
    0.0
    0.0
    0.0
    0.0
    0.0
    0.0
    0.0
    0.0
    0.0
    0.0
    0.0
    0.0
    0.0
    0.0
    0.0
    0.0
   37.8
    0.0
    0.0
    0.0
    0.0
    0.0
    0.0
    0.0
   52.8
    0.0
    0.0
    0.0
    0.0
    0.0
    0.0
    0.0
   38.4
    0.0
  131.4
   51.0
   61.8
   58.2
    0.0
    0.0
    0.0
    0.0
   60.6
    0.0
    0.0
    0.0
    0.0
   63.0
    0.0
    0.0
    0.0
    0.0
    0.0
    0.0
    0.0
    0.0
    0.0
   67.2
    0.0
    0.0
    0.0
   60.6
    0.0
    0.0
    0.0
    0.0
    0.0
   85.8
    0.0
    0.0
    0.0
    0.0
    0.0
    0.0
    0.0
    0.0
    0.0
    0.0
    0.0
    0.0
    0.0
    0.0
    0.0
  208.2
    0.0
    0.0
    0.0
   48.0
    0.0
    0.0
    0.0
    0.0
   60.0
    0.0
    0.0
    0.0
    0.0
    0.0
    0.0
    0.0
    0.0
    0.0
    0.0
    0.0
    0.0
   60.0
   53.4
    0.0
    0.0
    0.0
    0.0
    0.0
    0.0
    0.0
    0.0
    0.0
   39.6
    0.0
    0.0
   76.8
    0.0
    0.0
    0.0
    0.0
    0.0
    0.0
    0.0
    0.0
    0.0
   43.8
   64.2
    0.0
    0.0
    0.0
   69.0
    0.0
    0.0
    0.0
    0.0
    0.0
    0.0
   73.8
    0.0
    0.0
    0.0
    0.0
    0.0
    0.0
    0.0
    0.0
    0.0
    0.0
    0.0
    0.0
    0.0
    0.0
    0.0
    0.0
    0.0
    0.0
    0.0
    0.0
    0.0
    0.0
   29.4
   46.2
    0.0
    0.0
    0.0
    0.0
    0.0
    0.0
    0.0
    0.0
    0.0
    0.0
    0.0
    0.0
    0.0
   98.4
   27.0
    0.0
    0.0
    0.0
   51.6
   46.2
   88.8
    0.0
    0.0
   39.0
   69.0
    0.0
    0.0
    0.0
    0.0
    0.0
    0.0
    0.0
    0.0
    0.0
    0.0
    0.0
    0.0
   46.8
    0.0
   56.4
    0.0
    0.0
    0.0
    0.0
    0.0
    0.0
    0.0
    0.0
   46.8
   31.2
    0.0
   53.4
    0.0
    0.0
    0.0
    0.0
    0.0
    0.0
    0.0
   30.0
   37.8
   64.8
   61.2
    0.0
    0.0
    0.0
   45.6
    0.0
    0.0
    0.0
    0.0
   85.2
   63.0
    0.0
   49.2
    0.0
    0.0
    0.0
    0.0
    0.0
    0.0
    0.0
   52.8
    0.0
   48.0
    0.0
    0.0
    0.0
    0.0
    0.0
    0.0
    0.0
    0.0
    0.0
    0.0
    0.0
    0.0
    0.0
    0.0
    0.0
    0.0
    0.0
    0.0
    0.0
    0.0
    0.0
    0.0
    0.0
    0.0
    0.0
    0.0
    0.0
    0.0
    0.0
    0.0
    0.0
    0.0
    0.0
    0.0
   57.6
    0.0
    0.0
    0.0
    0.0
    0.0
    0.0
    0.0
    0.0
    0.0
    0.0
    0.0
   72.6
    0.0
    0.0
    0.0
    0.0
   62.4
    0.0
   21.0
    0.0
    0.0
    0.0
    0.0
    0.0
  107.4
    0.0
    0.0
    0.0
    0.0
    0.0
    0.0
    0.0
    0.0
    0.0
   60.6
   54.6
   57.0
    0.0
    0.0
   52.2
    0.0
    0.0
   55.2
    0.0
    0.0
    0.0
    0.0
    0.0
   44.4
   67.2
    0.0
   57.0
    0.0
    0.0
    0.0
    0.0
    0.0
    0.0
    0.0
    7.2
    0.0
    0.0
    0.0
    0.0
    0.0
    0.0
    0.0
    0.0
    0.0
    0.0
   34.8
    0.0
    0.0
   15.6
    0.0
    0.0
   49.2
    0.0
    0.0
    0.0
    0.0
    0.0
   68.4
   49.8
    0.0
    0.0
    0.0
    0.0
    0.0
    0.0
    0.0
    0.0
    0.0
   48.0
   57.0
   58.8
    0.0
    0.0
    0.0
    0.0
    0.0
    0.0
    0.0
    0.0
    0.0
    0.0
   54.0
   81.6
    0.0
    0.0
    0.0
   21.6
    0.0
    0.0
    0.0
    0.0
    0.0
    0.0
    0.0
    0.0
    0.0
   21.6
    0.0
    0.0
    0.0
    0.0
    0.0
    0.0
   54.6
    0.0
    0.0
    0.0
    0.0
    0.0
    0.0
    0.0
    0.0
    0.0
    0.0
    0.0
    0.0
   71.4
    0.0
    0.0
   30.6
    0.0
    0.0
    0.0
    0.0
    0.0
    0.0
    0.0
    0.0
    0.0
    0.0
   25.8
    0.0
    0.0
    0.0
    0.0
    0.0
    0.0
    0.0
    0.0
    0.0
    0.0
    0.0
    0.0
    0.0
    0.0
    0.0
   40.2
    0.0
    0.0
    0.0
    0.0
    0.0
    0.0
    0.0
   55.2
   52.8
    0.0
    0.0
   74.4
    0.0
   63.6
    0.0
    0.0
   60.6
    0.0
    0.0
   63.0
   43.2
    0.0
    0.0
   61.2
    0.0
    0.0
    0.0
    0.0
    0.0
   54.6
   34.2
    0.0
   65.4
    0.0
    0.0
   30.6
    0.0
    0.0
   27.6
   63.6
    0.0
    0.0
    0.0
    0.0
    0.0
    0.0
    0.0
    0.0
    0.0
    0.0
    0.0
    0.0
    0.0
    0.0
    0.0
   56.4
    0.0
    0.0
    0.0
    0.0
    0.0
    0.0
    0.0
   61.2
    0.0
    0.0
    0.0
   52.8
    0.0
   52.2
    0.0
    0.0
    0.0
    0.0
    0.0
    0.0
    0.0
    0.0
    0.0
   26.4
    0.0
   44.4
    0.0
    0.0
    0.0
    0.0
    0.0
    0.0
    0.0
    0.0
    0.0
    0.0
    0.0
    0.0
    0.0
    0.0
    0.0
    0.0
    0.0
    0.0
    0.0
    0.0
   67.2
    0.0
    0.0
   24.0
    0.0
    0.0
   38.4
    0.0
    0.0
    0.0
    0.0
    0.0
    0.0
   33.0
   40.8
    0.0
    0.0
   43.8
    0.0
    0.0
    0.0
    0.0
    0.0
    0.0
   39.0
    0.0
   31.8
   64.2
    0.0
   31.2
    0.0
    0.0
    0.0
    0.0
    0.0
    0.0
    0.0
    0.0
    0.0
    0.0
    0.0
    0.0
    0.0
    0.0
    0.0
    0.0
    0.0
    0.0
    0.0
    0.0
    0.0
   72.0
    0.0
    0.0
    0.0
    0.0
    0.0
   64.2
    0.0
    0.0
    0.0
    0.0
    0.0
    0.0
    0.0
    0.0
    0.0
    0.0
    0.0
    0.0
    0.0
    0.0
    0.0
    0.0
   26.4
   73.8
    0.0
   65.4
    0.0
   39.6
    0.0
    0.0
    0.0
    0.0
    0.0
   64.8
   43.8
    0.0
    0.0
    0.0
    0.0
    0.0
    0.0
    0.0
    0.0
    0.0
   48.0
    0.0
   83.4
   37.2
    0.0
    0.0
    0.0
    0.0
    0.0
   49.2
    0.0
    0.0
    0.0
   75.6
    0.0
    0.0
    0.0
    0.0
    0.0
    0.0
    0.0
    0.0
    0.0
    0.0
  136.8
   27.6
    0.0
    0.0
    0.0
    0.0
    0.0
    0.0
   57.6
    0.0
    0.0
    0.0
    0.0
    0.0
    0.0
    0.0
    0.0
   55.8
    0.0
    0.0
    0.0
    0.0
    0.0
    0.0
    0.0
   48.0
    0.0
   72.0
   49.2
    0.0
   58.8
    0.0
    0.0
    0.0
    0.0
    0.0
    0.0
    0.0
    0.0
    0.0
    0.0
   57.6
   66.0
    0.0
    0.0
    0.0
    0.0
    0.0
    0.0
    0.0
   49.2
   58.2
   59.4
  104.4
    0.0
    0.0
    0.0
    0.0
    0.0
    0.0
   66.0
    0.0
    0.0
    0.0
    0.0
    0.0
    0.0
    0.0
    0.0
   45.0
    0.0
    0.0
    0.0
    0.0
   61.2
    0.0
    0.0
    0.0
    0.0
    0.0
    0.0
    0.0
    0.0
    0.0
    0.0
    0.0
    0.0
   28.2
    0.0
    0.0
    0.0
    0.0
    0.0
    0.0
    0.0
    0.0
    0.0
   36.0
   45.0
    0.0
    0.0
    0.0
    0.0
    0.0
    0.0
    0.0
    0.0
    0.0
    0.0
   34.8
    0.0
   37.8
   34.8
    0.0
    0.0
    0.0
    0.0
    0.0
    0.0
    0.0
    0.0
    0.0
    0.0
    0.0
    0.0
    0.0
   17.4
    0.0
    0.0
    0.0
    0.0
    0.0
    0.0
    0.0
   57.6
   36.6
    0.0
    0.0
    0.0
    0.0
    0.0
    0.0
    0.0
    0.0
    0.0
   54.0
    0.0
   45.0
    0.0
   61.8
    0.0
   44.4
    0.0
    0.0
    0.0
    0.0
    0.0
    0.0
    0.0
   73.8
    0.0
    0.0
    0.0
    0.0
    0.0
    0.0
    0.0
    0.0
    0.0
   37.8
   13.2
    0.0
    0.0
    0.0
    0.0
    0.0
    0.0
    0.0
   40.2
    0.0
    0.0
    0.0
   42.0
    0.0
    0.0
    0.0
    0.0
    0.0
    0.0
    0.0
    0.0
    0.0
  120.0
   68.4
    0.0
    0.0
    0.0
    0.0
    0.0
    0.0
    0.0
    0.0
    0.0
    0.0
    0.0
   58.2
   40.8
    0.0
    0.0
    0.0
    0.0
    0.0
    0.0
    0.0
    0.0
    0.0
    0.0
   57.6
    0.0
    0.0
    0.0
    0.0
    0.0
    0.0
    0.0
  142.8
    0.0
    0.0
    0.0
    0.0
    0.0
   70.8
   36.0
    0.0
    0.0
    0.0
    0.0
    0.0
    0.0
    0.0
    0.0
   75.6
    0.0
   49.2
   48.6
    0.0
    0.0
    0.0
    0.0
    0.0
    0.0
    0.0
   42.0
    0.0
    0.0
   48.0
    0.0
    0.0
    0.0
    0.0
    0.0
    0.0
    0.0
    0.0
    0.0
   58.8
    0.0
    0.0
    0.0
    0.0
   64.2
    0.0
    0.0
    0.0
   57.0
    0.0
    0.0
    0.0
    0.0
    0.0
    0.0
   35.4
    0.0
    0.0
    0.0
    0.0
    0.0
    0.0
    0.0
    0.0
    0.0
    0.0
    0.0
    0.0
    0.0
    0.0
    0.0
    0.0
    0.0
    0.0
   33.0
    0.0
   27.6
   50.4
    0.0
    0.0
    0.0
    0.0
    0.0
    0.0
    0.0
    0.0
    0.0
    0.0
   40.2
   20.4
    0.0
   53.4
    0.0
    0.0
    0.0
    0.0
    0.0
    0.0
    0.0
    0.0
    0.0
    0.0
    0.0
   36.6
    0.0
    0.0
    0.0
    0.0
    0.0
    0.0
    0.0
    0.0
   26.4
    0.0
    0.0
   37.2
    0.0
   24.0
  107.4
    0.0
    0.0
    0.0
    0.0
    0.0
    0.0
    0.0
    0.0
    0.0
    0.0
    0.0
    0.0
    0.0
    0.0
    0.0
    0.0
   66.0
    0.0
    0.0
    0.0
    0.0
    0.0
    0.0
    0.0
    0.0
    0.0
   41.4
   37.2
    0.0
   42.0
    0.0
    0.0
    0.0
    0.0
    0.0
    0.0
    0.0
    0.0
    0.0
    0.0
    0.0
   51.0
   66.6
    0.0
    0.0
    0.0
    0.0
    0.0
    0.0
   38.4
    0.0
    0.0
   76.2
    0.0
  103.8
    0.0
    0.0
    0.0
    0.0
    0.0
   44.4
    0.0
    0.0
    0.0
    0.0
   27.6
    0.0
   50.4
    0.0
    0.0
   64.8
    0.0
    0.0
    0.0
    0.0
   90.6
    0.0
  108.6
   57.0
    0.0
    0.0
    0.0
    0.0
    0.0
    0.0
    0.0
    0.0
   46.2
    0.0
   60.0
    0.0
    0.0
    0.0
    0.0
   62.4
    0.0
    0.0
    0.0
    0.0
    0.0
   25.2
   41.4
    0.0
    0.0
    0.0
    0.0
    0.0
    0.0
    0.0
    0.0
    0.0
    0.0
   97.2
  104.4
    0.0
    0.0
   45.6
   54.0
    0.0
    0.0
    0.0
    0.0
    0.0
   33.6
    0.0
   49.8
    0.0
    0.0
    0.0
    0.0
    0.0
    0.0
    0.0
    0.0
    0.0
    0.0
    0.0
    0.0
    0.0
    0.0
   30.6
    0.0
   83.4
    0.0
    0.0
    0.0
    0.0
    0.0
    0.0
   51.6
    0.0
  141.6
    0.0
    0.0
    0.0
    0.0
    0.0
    0.0
   51.6
    0.0
    0.0
    0.0
    0.0
    0.0
    0.0
    0.0
    0.0
    0.0
    0.0
    0.0
    0.0
    0.0
    0.0
    0.0
    0.0
    0.0
    0.0
    0.0
    0.0
    0.0
    0.0
    0.0
    0.0
    0.0
    0.0
    0.0
    0.0
   51.0
    0.0
    0.0
    0.0
    0.0
    0.0
    0.0
    0.0
    0.0
   45.6
    0.0
    0.0
    0.0
    0.0
    0.0
    0.0
    0.0
    0.0
    0.0
    0.0
    0.0
    0.0
    0.0
    0.0
   27.0
   49.2
    0.0
   71.4
    0.0
    0.0
    0.0
    0.0
   46.2
    0.0
    0.0
   51.6
    0.0
    0.0
    0.0
    0.0
    0.0
    0.0
    0.0
    0.0
    0.0
   63.0
    0.0
   55.8
    0.0
    0.0
    0.0
    0.0
    0.0
    0.0
    0.0
    0.0
    0.0
    0.0
    0.0
    0.0
    0.0
    0.0
    0.0
    0.0
    0.0
    0.0
    0.0
    0.0
    0.0
    0.0
    0.0
    0.0
    0.0
    0.0
    0.0
    0.0
    0.0
    0.0
    0.0
    0.0
    0.0
    0.0
    0.0
    0.0
    0.0
    0.0
    0.0
    0.0
    0.0
    0.0
    0.0
    0.0
    0.0
    0.0
   51.0
    0.0
    0.0
    0.0
    0.0
    0.0
    0.0
    0.0
    0.0
    0.0
    0.0
    0.0
    0.0
    0.0
    0.0
    0.0
    0.0
    0.0
    0.0
    0.0
    0.0
    0.0
   40.8
    0.0
    0.0
    0.0
   13.2
    0.0
   35.4
    0.0
    0.0
    0.0
    0.0
    0.0
    0.0
   45.0
    0.0
    0.0
   54.0
    0.0
    0.0
    0.0
    0.0
    0.0
    0.0
    0.0
    0.0
    0.0
    0.0
    0.0
   74.4
    0.0
    0.0
    0.0
    0.0
    0.0
    0.0
    0.0
    0.0
    0.0
    0.0
    0.0
    0.0
    0.0
    0.0
    0.0
    0.0
    0.0
    0.0
    0.0
   50.4
    0.0
    0.0
    0.0
    0.0
    0.0
    0.0
    0.0
   69.0
    0.0
    0.0
   72.6
   36.0
   68.4
   59.4
    0.0
    0.0
    0.0
    0.0
    0.0
    0.0
    0.0
    0.0
   67.8
  106.8
  162.6
    0.0
    0.0
    0.0
    0.0
   54.0
    0.0
    0.0
    0.0
    0.0
    0.0
   56.4
   72.6
    0.0
    0.0
    0.0
    0.0
    0.0
    0.0
    0.0
    0.0
    0.0
    0.0
   44.4
    0.0
    0.0
    0.0
   77.4
    0.0
   62.4
    0.0
    0.0
    0.0
   31.8
    0.0
    0.0
    0.0
    0.0
   43.2
    0.0
    0.0
    0.0
    0.0
    0.0
    0.0
    0.0
    0.0
   30.0
   97.8
   60.0
    0.0
    0.0
    0.0
  100.2
    0.0
    0.0
    0.0
    0.0
    0.0
    0.0
   22.2
    0.0
    0.0
    0.0
    0.0
    0.0
    0.0
    0.0
    0.0
    0.0
    0.0
    0.0
    0.0
    0.0
   50.4
    0.0
    0.0
    0.0
    0.0
   68.4
    0.0
    0.0
    0.0
    0.0
    0.0
    0.0
    0.0
    0.0
    0.0
    0.0
    0.0
    0.0
    0.0
    0.0
    0.0
    0.0
   38.4
    0.0
    0.0
    0.0
    0.0
   43.2
   60.0
    0.0
    0.0
    0.0
    0.0
    0.0
    0.0
    0.0
    0.0
    0.0
    0.0
    0.0
    0.0
    0.0
    0.0
    0.0
    0.0
    0.0
    0.0
   46.2
    0.0
    0.0
    0.0
    0.0
   55.8
    0.0
    0.0
    0.0
    0.0
    0.0
    0.0
    0.0
    0.0
    0.0
    0.0
   36.6
    0.0
    0.0
    0.0
    0.0
    0.0
   52.2
    0.0
    0.0
    0.0
    0.0
    0.0
    0.0
    0.0
    0.0
    0.0
    0.0
    0.0
   59.4
    0.0
    0.0
    0.0
    0.0
    0.0
    0.0
    0.0
    0.0
    0.0
    0.0
    0.0
   48.6
    0.0
    0.0
    0.0
    0.0
    0.0
    0.0
    0.0
    0.0
   54.0
    0.0
    0.0
    0.0
    0.0
    0.0
    0.0
   46.8
    0.0
    0.0
    0.0
    0.0
    0.0
    0.0
   38.4
   52.2
    0.0
    0.0
    0.0
    0.0
    0.0
    0.0
    0.0
    0.0
    0.0
    0.0
    0.0
   54.6
   47.4
   44.4
    0.0
    0.0
    0.0
    0.0
    0.0
    0.0
    0.0
    0.0
   31.2
   28.2
   28.2
    0.0
    0.0
    0.0
   50.4
    0.0
    0.0
    0.0
    0.0
    0.0
   57.6
    0.0
    0.0
    0.0
    0.0
   81.6
    0.0
    0.0
    0.0
    0.0
    0.0
    0.0
    0.0
    0.0
    0.0
    0.0
    0.0
    0.0
    0.0
   58.2
    0.0
    0.0
    0.0
    0.0
   82.2
    0.0
    0.0
    0.0
    0.0
    0.0
    0.0
    0.0
    0.0
    0.0
    0.0
    0.0
    0.0
   41.4
   55.2
    0.0
    0.0
    0.0
   29.4
   31.8
    0.0
   74.4
    0.0
    0.0
    0.0
    0.0
    0.0
   45.6
    0.0
    0.0
    0.0
    0.0
    0.0
    0.0
    0.0
    0.0
    0.0
  130.8
    0.0
   66.0
    0.0
    0.0
    0.0
    0.0
    0.0
    0.0
    0.0
    0.0
    0.0
    0.0
    0.0
   71.4
   39.0
    0.0
    0.0
    0.0
    0.0
    0.0
    0.0
    0.0
    0.0
    0.0
   45.6
    0.0
    0.0
    0.0
    0.0
    0.0
    0.0
    0.0
   39.0
    0.0
    0.0
    0.0
   89.4
    0.0
    0.0
    0.0
    0.0
    0.0
    0.0
    0.0
    0.0
    0.0
    0.0
    0.0
   33.0
   44.4
    0.0
    0.0
    0.0
    0.0
    0.0
    0.0
   42.0
   57.0
    0.0
    0.0
    0.0
   40.8
   39.0
    0.0
    0.0
    0.0
    0.0
    0.0
    0.0
    0.0
    0.0
   42.0
    0.0
    0.0
    0.0
    0.0
    0.0
    0.0
    0.0
    0.0
    0.0
    0.0
   53.4
    0.0
    0.0
    0.0
    0.0
    0.0
    0.0
    0.0
    0.0
    0.0
    0.0
    0.0
    0.0
   36.0
   47.4
    0.0
    0.0
   47.4
    0.0
    0.0
    0.0
    0.0
    0.0
   99.6
   31.2
    0.0
   37.2
    0.0
    0.0
    0.0
    0.0
    0.0
    0.0
    0.0
    0.0
    0.0
    0.0
   21.0
    0.0
    0.0
    0.0
    0.0
   47.4
    0.0
   55.2
   42.0
    0.0
    0.0
    0.0
   67.8
    0.0
   76.8
    0.0
    0.0
    0.0
    0.0
    0.0
    0.0
    0.0
    0.0
    0.0
    0.0
    0.0
    0.0
    0.0
    0.0
    0.0
    0.0
    0.0
    0.0
    0.0
    0.0
    0.0
   73.8
    0.0
    0.0
    0.0
   33.0
    0.0
    0.0
    0.0
    0.0
    0.0
    0.0
    0.0
    0.0
    0.0
    0.0
    0.0
    0.0
    0.0
    0.0
    0.0
   61.8
    0.0
    0.0
    0.0
   37.8
    0.0
    0.0
    0.0
   64.2
    0.0
    0.0
    0.0
    0.0
    0.0
    0.0
    0.0
   97.2
    0.0
    0.0
    0.0
    0.0
    0.0
    0.0
    0.0
    0.0
    0.0
    0.0
    0.0
    0.0
   59.4
   57.6
    0.0
    0.0
    0.0
    0.0
    0.0
    0.0
    0.0
    0.0
    0.0
    0.0
  118.8
    0.0
    0.0
    0.0
    0.0
    0.0
    0.0
    0.0
    0.0
    0.0
    0.0
    0.0
    0.0
   58.8
    0.0
    0.0
    0.0
    0.0
    0.0
    0.0
    0.0
    0.0
    0.0
    0.0
    0.0
    0.0
    0.0
    0.0
    0.0
    0.0
    0.0
   27.6
    0.0
    0.0
    0.0
  151.8
    0.0
    0.0
    0.0
    0.0
    0.0
    0.0
    0.0
    0.0
    0.0
    0.0
    0.0
   35.4
  117.6
    0.0
   40.8
    0.0
    0.0
    0.0
    0.0
    0.0
    0.0
    0.0
    0.0
    0.0
    0.0
   56.4
    0.0
    0.0
    0.0
    0.0
    0.0
    0.0
    0.0
    0.0
    0.0
    0.0
    0.0
   81.6
    0.0
    0.0
    0.0
    0.0
    0.0
    0.0
    0.0
    0.0
    0.0
   63.0
    0.0
    0.0
    0.0
   58.8
    0.0
    0.0
    0.0
    0.0
    0.0
    0.0
   54.0
    0.0
    0.0
    0.0
   78.6
    0.0
    0.0
   50.4
    0.0
    0.0
    0.0
    0.0
  129.6
    0.0
    0.0
    0.0
    0.0
   43.2
    0.0
    0.0
    0.0
    0.0
    0.0
    0.0
    0.0
    0.0
    0.0
    0.0
    0.0
    0.0
    0.0
    0.0
    0.0
    0.0
    0.0
    0.0
    0.0
    0.0
    0.0
    0.0
   61.2
    0.0
    0.0
    0.0
    0.0
    0.0
    0.0
    0.0
   40.2
   52.2
    0.0
    0.0
    0.0
    0.0
    0.0
    0.0
   45.6
    0.0
    0.0
    0.0
    0.0
    0.0
    0.0
    0.0
    0.0
    0.0
    0.0
    0.0
    0.0
    0.0
    0.0
    0.0
    0.0
    0.0
  189.6
    0.0
    0.0
    0.0
   33.0
    0.0
   35.4
    0.0
   67.8
    0.0
   75.0
    0.0
   79.8
    0.0
    0.0
    0.0
    0.0
    0.0
    0.0
    0.0
    0.0
    0.0
    0.0
    0.0
    0.0
   76.2
    0.0
    0.0
    0.0
    0.0
    0.0
    0.0
    0.0
    0.0
    0.0
    0.0
    0.0
    0.0
   71.4
    0.0
    0.0
    0.0
    0.0
    0.0
    0.0
    0.0
    0.0
    0.0
    0.0
  120.6
    0.0
    0.0
    0.0
    0.0
    0.0
    0.0
   51.0
    0.0
   64.2
    0.0
    0.0
   33.6
    0.0
    0.0
    0.0
    0.0
    0.0
    0.0
    0.0
    0.0
    0.0
   46.2
   67.8
    0.0
    0.0
    0.0
    0.0
    0.0
    0.0
    0.0
    0.0
    0.0
    0.0
    0.0
    0.0
    0.0
    0.0
   52.8
    0.0
    0.0
    0.0
    0.0
    0.0
    0.0
    0.0
   35.4
   95.4
    0.0
    0.0
   28.8
    0.0
    0.0
   66.0
    0.0
    0.0
   48.0
    0.0
    0.0
    0.0
    0.0
    0.0
    0.0
    0.0
    0.0
    0.0
    0.0
    0.0
    0.0
   85.8
   61.8
  142.8
    0.0
   30.6
    0.0
    0.0
    0.0
    0.0
    0.0
    0.0
    0.0
    0.0
   57.0
   36.6
    0.0
    0.0
   26.4
    0.0
    0.0
    0.0
    0.0
    0.0
    0.0
    0.0
   36.0
   27.0
   42.6
    0.0
   78.0
    0.0
    0.0
    0.0
    0.0
    0.0
    0.0
    0.0
    0.0
  161.4
    0.0
   52.8
    0.0
    0.0
    0.0
    0.0
    0.0
    0.0
    0.0
    0.0
    0.0
   48.6
    0.0
   46.8
   39.6
   92.4
    0.0
    0.0
    0.0
    0.0
    0.0
    0.0
   77.4
  220.8
    0.0
    0.0
   69.0
    0.0
    0.0
    0.0
    0.0
    0.0
    0.0
    0.0
    0.0
    0.0
   84.6
   54.0
    0.0
    0.0
   40.8
    0.0
    0.0
    0.0
    0.0
    0.0
    0.0
    0.0
   40.2
    0.0
    0.0
    0.0
    0.0
    0.0
    0.0
    0.0
    0.0
    0.0
    0.0
    0.0
    0.0
    0.0
   38.4
   36.6
    0.0
   19.2
    0.0
    0.0
  133.2
    0.0
    0.0
    0.0
    0.0
  117.0
    0.0
    0.0
    0.0
    0.0
    0.0
    0.0
    0.0
    0.0
   40.2
    0.0
    0.0
    0.0
    0.0
    0.0
    0.0
    0.0
    0.0
    0.0
    0.0
    0.0
    0.0
    0.0
    0.0
   33.6
    0.0
    0.0
    0.0
    0.0
    0.0
    0.0
    0.0
  102.6
   73.2
    0.0
    0.0
    0.0
    0.0
    0.0
    0.0
    0.0
   56.4
    0.0
    0.0
    0.0
    0.0
    0.0
    0.0
    0.0
    0.0
    0.0
    0.0
    0.0
    0.0
    0.0
    0.0
  130.8
    0.0
   32.4
    0.0
    0.0
    0.0
    0.0
    0.0
    0.0
    0.0
    0.0
    0.0
    0.0
    0.0
    0.0
    0.0
    0.0
   64.8
    0.0
    0.0
    0.0
    0.0
    0.0
    0.0
    0.0
   71.4
  150.6
    0.0
    0.0
    0.0
    0.0
    0.0
   48.0
    0.0
    0.0
    0.0
    0.0
   52.2
    0.0
    0.0
    0.0
    0.0
   45.0
    0.0
    0.0
    0.0
    0.0
    0.0
    0.0
    0.0
   40.8
   73.8
    0.0
   37.8
    0.0
    0.0
    0.0
   38.4
   51.0
    0.0
    0.0
   44.4
    0.0
    0.0
    0.0
    0.0
    0.0
    0.0
    0.0
   57.6
    0.0
    0.0
    0.0
    0.0
    0.0
   46.8
    0.0
   96.0
    0.0
    0.0
    0.0
    0.0
    0.0
    0.0
    0.0
    0.0
   63.0
    0.0
   25.8
    0.0
    0.0
    0.0
    0.0
    0.0
    0.0
    0.0
    0.0
    0.0
    0.0
   57.0
    0.0
    0.0
    0.0
    0.0
    0.0
    0.0
    0.0
    0.0
   91.2
    0.0
    0.0
    0.0
    0.0
    0.0
    0.0
    0.0
    0.0
    0.0
    0.0
    0.0
    0.0
   73.2
   54.0
    0.0
    0.0
    0.0
    0.0
    0.0
    0.0
    0.0
    0.0
    0.0
    0.0
   51.6
   87.0
   38.4
    0.0
    0.0
    0.0
    0.0
    0.0
    0.0
    0.0
    0.0
   54.0
    0.0
    0.0
    0.0
    0.0
    0.0
    0.0
    0.0
    0.0
    0.0
    0.0
    0.0
   32.4
   31.8
    0.0
    7.8
    0.0
    0.0
    0.0
    0.0
    0.0
    0.0
    0.0
    0.0
   80.4
    0.0
   54.6
    0.0
    0.0
    0.0
    0.0
   60.6
   43.2
    0.0
    0.0
    0.0
    0.0
   30.6
   31.8
    0.0
    0.0
    0.0
    0.0
    0.0
    0.0
    0.0
    0.0
    0.0
    0.0
    0.0
    0.0
   79.8
    0.0
    0.0
    0.0
    0.0
   40.8
    0.0
   28.8
    0.0
    0.0
   57.0
   51.0
    0.0
   86.4
   52.2
    0.0
    0.0
    0.0
    0.0
    0.0
    0.0
    0.0
    0.0
   55.8
    0.0
    0.0
    0.0
   67.8
    0.0
    0.0
    0.0
    0.0
    0.0
   56.4
    0.0
    0.0
   58.2
    0.0
    0.0
    0.0
    0.0
    0.0
    0.0
    0.0
    0.0
    0.0
   67.2
   36.0
    0.0
    0.0
   57.0
    0.0
   39.0
   31.8
    0.0
    0.0
    0.0
   39.0
    0.0
   67.8
    0.0
    0.0
    0.0
    0.0
    0.0
    0.0
    0.0
    0.0
    0.0
    0.0
  113.4
    0.0
    0.0
    0.0
    0.0
    0.0
    0.0
    0.0
    0.0
    0.0
   64.8
    0.0
    0.0
   49.8
    0.0
   37.8
    0.0
    0.0
