    0.0
    0.0
    0.0
    0.0
    0.0
    0.0
    0.0
    0.0
    0.0
    0.0
    0.0
    0.0
    0.0
    0.0
    0.0
    0.0
    0.0
   56.4
    0.0
    0.0
    0.0
    0.0
    0.0
    0.0
    0.0
    0.0
    0.0
    0.0
    0.0
   62.4
   66.6
   16.8
    0.0
    0.0
   62.4
    0.0
    0.0
   35.4
   48.0
    0.0
    0.0
   23.4
    0.0
    0.0
   55.2
    0.0
    0.0
    0.0
    0.0
    0.0
    0.0
    0.0
    0.0
   44.4
    0.0
    0.0
    0.0
    0.0
   47.4
    0.0
    0.0
    0.0
   49.2
   45.6
    0.0
    0.0
   74.4
    0.0
    0.0
    0.0
   87.0
    0.0
    0.0
    0.0
    0.0
    0.0
    0.0
    0.0
  115.8
    0.0
    0.0
    0.0
    0.0
    0.0
    0.0
    0.0
    0.0
   66.6
    0.0
    0.0
    0.0
    0.0
    0.0
   52.2
    0.0
    0.0
    0.0
    0.0
    0.0
    0.0
    0.0
   84.0
  111.6
   45.6
    0.0
    0.0
    0.0
    0.0
    0.0
    0.0
    0.0
    0.0
    0.0
    0.0
    0.0
    0.0
    0.0
    0.0
  132.0
    0.0
    0.0
    0.0
    0.0
    0.0
    0.0
    0.0
    0.0
   94.8
    0.0
    0.0
    0.0
    0.0
   48.6
   40.2
    0.0
   78.0
    0.0
   48.0
  106.8
    0.0
    0.0
    0.0
    0.0
    0.0
    0.0
    0.0
    0.0
   41.4
    0.0
  106.8
    0.0
    0.0
   99.0
    0.0
    0.0
    0.0
    0.0
    0.0
    0.0
   61.2
    0.0
    0.0
    0.0
    0.0
  138.6
    0.0
    0.0
    0.0
    0.0
    0.0
    0.0
    0.0
    0.0
    0.0
   38.4
    0.0
    0.0
    0.0
   40.8
    0.0
    0.0
    0.0
    0.0
    0.0
    0.0
    0.0
    0.0
   75.0
    0.0
    0.0
   33.6
    0.0
    0.0
    0.0
    0.0
    0.0
    0.0
    0.0
  133.8
  120.6
    0.0
   69.6
    0.0
    0.0
    0.0
    0.0
    0.0
    0.0
    0.0
    0.0
   15.6
   43.8
    0.0
    0.0
   36.6
    0.0
    0.0
    0.0
    0.0
    0.0
    0.0
    0.0
   73.8
   38.4
   36.6
    0.0
   55.2
    0.0
    0.0
    0.0
   58.2
    0.0
    0.0
    0.0
    0.0
   74.4
    0.0
    0.0
    0.0
    0.0
    0.0
    0.0
    0.0
    0.0
    0.0
    0.0
   59.4
  107.4
    0.0
   29.4
    0.0
    0.0
    0.0
    0.0
   51.0
   43.8
    0.0
    0.0
    0.0
    0.0
    0.0
    0.0
    0.0
    0.0
    0.0
    0.0
    0.0
    0.0
    0.0
   67.2
   96.6
    0.0
   48.6
   66.0
    0.0
    0.0
    0.0
    0.0
    0.0
    0.0
    0.0
   68.4
    0.0
   78.6
   25.2
    0.0
    0.0
    0.0
    0.0
    0.0
    0.0
    0.0
    0.0
    0.0
    0.0
    0.0
    0.0
    0.0
    0.0
    0.0
    0.0
    0.0
    0.0
    0.0
   82.8
    0.0
    0.0
   45.6
    0.0
    0.0
    0.0
    0.0
    0.0
    0.0
    0.0
    0.0
    0.0
   88.2
   57.0
   45.0
    0.0
    0.0
    0.0
    0.0
    0.0
   15.0
    0.0
   53.4
   49.2
    0.0
   21.0
  109.2
   21.6
   79.2
    0.0
    0.0
    0.0
    0.0
    0.0
    0.0
    0.0
    0.0
  114.0
    0.0
   64.8
    0.0
   50.4
    0.0
   55.2
   36.0
    0.0
    0.0
    0.0
   55.8
    0.0
    0.0
    0.0
   50.4
    0.0
    0.0
    0.0
    0.0
    0.0
    0.0
    0.0
    0.0
    0.0
    0.0
    0.0
    0.0
    0.0
    0.0
    0.0
   38.4
    0.0
    0.0
    0.0
    0.0
   72.0
    0.0
    0.0
    0.0
  102.6
    0.0
    0.0
    0.0
    0.0
    0.0
    0.0
    0.0
  105.6
    0.0
    0.0
    0.0
   83.4
    0.0
    0.0
    0.0
    0.0
   37.8
    0.0
   59.4
    0.0
    0.0
    0.0
   42.6
    0.0
    0.0
    0.0
    0.0
    0.0
    0.0
    0.0
    0.0
   67.2
   63.0
    0.0
    0.0
    0.0
    0.0
    0.0
    0.0
    0.0
    0.0
   60.6
    0.0
    0.0
    0.0
    0.0
   88.8
    0.0
    0.0
    0.0
    0.0
    0.0
    0.0
    0.0
    0.0
   49.8
  181.2
    0.0
   34.2
    0.0
    0.0
   39.0
    0.0
   33.0
    0.0
    0.0
   82.8
    0.0
    0.0
    0.0
    0.0
    0.0
    0.0
    0.0
    0.0
    0.0
    0.0
    0.0
   46.2
   36.0
   72.6
    0.0
    0.0
    0.0
    0.0
    0.0
   25.8
    0.0
    0.0
    0.0
    0.0
    0.0
    0.0
  111.0
    0.0
    0.0
    0.0
    0.0
    0.0
    0.0
    0.0
    0.0
   48.6
    0.0
   98.4
   70.2
    0.0
    0.0
    0.0
   14.4
    0.0
    0.0
    0.0
    0.0
    0.0
    0.0
    0.0
    0.0
   99.0
    0.0
    0.0
    0.0
    0.0
    0.0
    0.0
    0.0
    0.0
   55.8
   57.6
   25.2
    0.0
   51.0
   80.4
    0.0
   63.0
   64.8
    0.0
    0.0
    0.0
    0.0
   45.0
    0.0
    0.0
    0.0
    0.0
    0.0
    0.0
    0.0
    0.0
    0.0
   27.6
    0.0
   57.0
    0.0
   30.6
    0.0
    0.0
    0.0
    0.0
   48.6
    0.0
    0.0
    0.0
    0.0
    0.0
    0.0
    0.0
   51.6
    0.0
    0.0
    0.0
    0.0
    0.0
    0.0
    0.0
   37.2
   61.2
    0.0
    0.0
    0.0
   60.6
    0.0
    0.0
    0.0
    0.0
    0.0
    0.0
    0.0
    0.0
   16.8
    0.0
    0.0
    0.0
    0.0
    0.0
    0.0
    0.0
    0.0
   45.6
    0.0
   40.8
    0.0
    0.0
    0.0
    0.0
    0.0
   49.8
   64.8
  174.0
   46.8
    0.0
   36.0
   62.4
    0.0
    0.0
   59.4
    0.0
    0.0
    0.0
    0.0
    0.0
    0.0
    0.0
    0.0
  114.0
  106.8
    0.0
    0.0
   32.4
    0.0
   72.6
    0.0
    0.0
    0.0
   42.0
    0.0
   74.4
   54.6
    0.0
    0.0
    0.0
    0.0
    0.0
    0.0
    0.0
    0.0
    0.0
  115.8
    0.0
    0.0
    0.0
   56.4
    0.0
    0.0
    0.0
  104.4
   60.6
    0.0
    0.0
   48.6
   41.4
    0.0
    0.0
   39.0
    0.0
    0.0
    0.0
    0.0
    0.0
    0.0
   10.8
  169.8
    0.0
  129.6
   33.6
   16.8
    0.0
   52.2
   63.6
   48.6
    0.0
   73.8
    0.0
    0.0
    0.0
    9.6
   60.0
    0.0
    0.0
    0.0
    0.0
    0.0
    0.0
    0.0
    0.0
   90.0
   61.2
    0.0
    0.0
   15.6
    0.0
    0.0
    0.0
   52.8
    0.0
    0.0
    0.0
   14.4
    0.0
    0.0
    0.0
    0.0
    0.0
    0.0
    0.0
    0.0
    0.0
    0.0
   45.0
   87.0
    0.0
    0.0
    0.0
    0.0
   54.6
    0.0
    0.0
   44.4
    0.0
    0.0
  132.0
    0.0
   64.8
   33.0
   16.8
    0.0
    0.0
    0.0
    0.0
    0.0
    0.0
    0.0
    0.0
   52.2
   57.0
    0.0
    0.0
    0.0
    0.0
   60.0
    0.0
    0.0
    0.0
   32.4
    0.0
    0.0
    0.0
    0.0
    0.0
   24.6
    0.0
    0.0
    0.0
    0.0
    0.0
    0.0
    0.0
    0.0
    0.0
    0.0
    0.0
   43.8
    0.0
    0.0
    0.0
    0.0
    0.0
    0.0
   61.2
    0.0
   69.0
   64.8
    0.0
    0.0
    0.0
    0.0
    0.0
    0.0
    0.0
    0.0
   51.0
  180.6
    0.0
    0.0
    0.0
    0.0
   24.6
    0.0
    0.0
   16.2
   52.2
    0.0
    0.0
    0.0
  129.6
   36.6
    0.0
   46.2
    0.0
    0.0
    0.0
    0.0
    0.0
    0.0
    0.0
  145.2
    0.0
    0.0
    0.0
    0.0
    0.0
   18.0
    0.0
   43.8
    0.0
   35.4
    0.0
    0.0
    0.0
   56.4
    0.0
    0.0
    0.0
    0.0
    0.0
    0.0
    0.0
    0.0
   30.0
    0.0
  119.4
    0.0
   84.6
    0.0
    0.0
    0.0
   64.8
   77.4
    0.0
    0.0
   57.6
   42.0
   90.0
  101.4
    0.0
    0.0
    0.0
    0.0
    0.0
    0.0
    0.0
    0.0
    0.0
    0.0
  117.6
   22.2
    0.0
    0.0
    0.0
    0.0
    0.0
   49.2
    0.0
    0.0
    0.0
    0.0
    0.0
    0.0
    0.0
   70.8
    0.0
    0.0
    0.0
    0.0
    0.0
    0.0
   13.8
    0.0
    0.0
  123.6
  123.6
    0.0
    0.0
   48.6
   55.8
    0.0
    0.0
    0.0
    0.0
    0.0
    0.0
   53.4
    0.0
    0.0
    0.0
    0.0
    0.0
    0.0
    0.0
    0.0
   30.0
    0.0
    0.0
    0.0
    0.0
    0.0
    0.0
    0.0
    0.0
    0.0
    0.0
   75.0
  117.6
    0.0
    0.0
    0.0
    0.0
    0.0
    0.0
    0.0
    0.0
    0.0
    0.0
    0.0
    0.0
    0.0
   89.4
   58.8
   27.6
    0.0
    0.0
    0.0
    0.0
    0.0
    0.0
    0.0
    0.0
    0.0
   52.2
   47.4
    0.0
   30.6
    0.0
    0.0
    0.0
    0.0
    0.0
    0.0
    0.0
    0.0
   27.6
   28.8
   82.2
    0.0
    0.0
    0.0
   61.2
    0.0
    0.0
    0.0
   66.6
   36.0
   69.6
    0.0
   69.6
    0.0
    0.0
    0.0
    0.0
    0.0
    0.0
    0.0
    0.0
    0.0
    0.0
   56.4
   71.4
    0.0
    0.0
   81.0
    0.0
    0.0
    0.0
   79.8
    0.0
    0.0
   34.8
    0.0
    0.0
    0.0
    0.0
    0.0
    0.0
    0.0
    0.0
    0.0
    0.0
   64.2
   55.8
   34.2
    0.0
    0.0
    0.0
    0.0
   50.4
    0.0
   61.8
    0.0
    0.0
   61.8
    0.0
    0.0
    0.0
  102.6
   36.0
    0.0
    0.0
    0.0
    0.0
    0.0
  148.8
    0.0
    0.0
   56.4
    0.0
   43.2
    0.0
   34.8
    0.0
    0.0
    0.0
    0.0
   41.4
   37.2
    0.0
    0.0
    0.0
   52.2
    0.0
    0.0
    0.0
    0.0
    0.0
    0.0
   70.8
    0.0
    0.0
    0.0
    0.0
    0.0
    0.0
   42.0
    0.0
    0.0
    0.0
   57.6
    0.0
  106.2
    0.0
    0.0
    0.0
   42.6
    0.0
    0.0
    0.0
    0.0
    0.0
    0.0
    0.0
    0.0
    0.0
   60.0
    0.0
    0.0
   51.0
    0.0
    0.0
    0.0
    0.0
    0.0
    0.0
    0.0
    0.0
    0.0
    0.0
    0.0
    0.0
    0.0
    0.0
    0.0
    0.0
    0.0
    0.0
  169.2
   15.0
    0.0
    0.0
    0.0
   35.4
   55.2
    0.0
   39.6
    0.0
    0.0
    0.0
    0.0
    0.0
    0.0
   66.6
    0.0
    0.0
    0.0
    0.0
    0.0
    0.0
    0.0
    0.0
   27.0
    0.0
   73.8
    0.0
    0.0
    0.0
    0.0
    0.0
    0.0
   47.4
    0.0
   37.2
    0.0
    0.0
   33.0
    0.0
    0.0
    0.0
    0.0
    0.0
    0.0
    0.0
    0.0
    0.0
   75.6
   77.4
  110.4
   26.4
    0.0
    0.0
   22.8
    0.0
   56.4
    0.0
    0.0
    0.0
    0.0
   73.2
    0.0
    0.0
    0.0
    0.0
    0.0
    0.0
    0.0
    0.0
    0.0
    0.0
   57.6
    0.0
    0.0
   33.0
    0.0
   69.6
    0.0
    0.0
    0.0
    0.0
    0.0
    0.0
    0.0
   55.8
    0.0
    0.0
    0.0
    0.0
    0.0
    0.0
    0.0
    0.0
    0.0
    0.0
    0.0
   34.2
   89.4
    0.0
   10.2
    0.0
    0.0
    0.0
    0.0
    0.0
   37.8
   81.0
   61.8
    0.0
    0.0
   66.0
    0.0
    0.0
    0.0
    0.0
    0.0
    0.0
    0.0
  131.4
   54.6
   85.8
    0.0
    0.0
    0.0
    0.0
    0.0
    0.0
    0.0
    0.0
   73.2
    0.0
    0.0
    0.0
   67.2
    0.0
    0.0
    0.0
    0.0
    0.0
    0.0
    0.0
    0.0
   36.0
  108.0
    0.0
    0.0
    0.0
    0.0
    0.0
    0.0
    0.0
   43.8
    0.0
    0.0
    0.0
   51.6
   44.4
    0.0
    0.0
    0.0
    0.0
    0.0
    0.0
    0.0
    0.0
    0.0
   34.2
    0.0
   74.4
    0.0
    0.0
    0.0
    0.0
    0.0
   81.0
    0.0
    0.0
    0.0
    0.0
    0.0
  108.6
    0.0
   73.2
   75.6
    0.0
    0.0
    0.0
    0.0
    0.0
    0.0
   41.4
    0.0
   27.0
   19.2
    0.0
    0.0
    0.0
   64.8
    0.0
  186.0
   70.2
    0.0
   36.6
    0.0
   76.8
    0.0
   61.2
    0.0
    0.0
    0.0
    0.0
    0.0
    0.0
    0.0
  133.8
   50.4
  132.6
    0.0
    0.0
    0.0
    0.0
    0.0
    0.0
    0.0
    0.0
   21.6
    0.0
    0.0
    0.0
    0.0
   36.6
    0.0
    0.0
    0.0
    0.0
    0.0
    0.0
    0.0
    0.0
   43.2
   45.0
    0.0
   49.2
    0.0
    0.0
    0.0
    0.0
   55.8
   76.2
   85.8
    0.0
   87.0
    0.0
    0.0
    0.0
    0.0
    0.0
    0.0
    0.0
    0.0
    0.0
    0.0
    0.0
   34.2
    0.0
    0.0
    0.0
    0.0
    0.0
    0.0
    0.0
    0.0
    0.0
    0.0
    0.0
    0.0
   20.4
    0.0
    0.0
   73.2
    0.0
    0.0
    0.0
    0.0
    0.0
    0.0
    0.0
   59.4
    0.0
    0.0
    0.0
    0.0
    0.0
    0.0
   54.6
   54.0
   38.4
    0.0
    0.0
    0.0
    0.0
    0.0
   43.8
    0.0
    0.0
    0.0
    0.0
    0.0
    0.0
    0.0
   60.6
    0.0
    0.0
    0.0
    0.0
    0.0
    0.0
    0.0
    0.0
    0.0
   73.8
    0.0
    0.0
  123.0
    0.0
    0.0
    0.0
    0.0
    0.0
    0.0
    0.0
    0.0
    0.0
    0.0
   70.2
   65.4
  100.2
    0.0
    0.0
    0.0
    0.0
   26.4
    0.0
    0.0
    0.0
    0.0
    0.0
    0.0
   19.2
    0.0
    0.0
    0.0
    0.0
    0.0
    0.0
    0.0
    0.0
    0.0
   53.4
   37.2
   42.6
    0.0
   66.6
   69.6
    0.0
    0.0
    0.0
   28.2
    0.0
    0.0
   91.2
    0.0
  192.0
    0.0
    0.0
    0.0
    0.0
    0.0
    0.0
    0.0
    0.0
    0.0
    0.0
    0.0
   80.4
   94.2
    0.0
    0.0
   39.0
    0.0
    0.0
    0.0
    0.0
    0.0
   78.0
   21.0
    9.0
   61.8
    0.0
    0.0
    0.0
    0.0
    0.0
    0.0
    0.0
    0.0
   72.6
  107.4
    0.0
    0.0
    0.0
    0.0
    0.0
    0.0
    0.0
    0.0
   30.0
    0.0
    0.0
   52.2
    0.0
    0.0
    0.0
   48.0
    0.0
    0.0
    0.0
    0.0
    0.0
    0.0
   51.6
    0.0
    0.0
    0.0
    0.0
    0.0
   49.8
    0.0
    0.0
   30.0
    0.0
    0.0
    0.0
    0.0
   43.8
    0.0
    0.0
    0.0
    0.0
    0.0
    0.0
    0.0
    0.0
    0.0
    0.0
    0.0
    0.0
    0.0
    0.0
    0.0
    0.0
    0.0
    0.0
    0.0
   95.4
   25.2
   19.8
    0.0
    0.0
    0.0
    0.0
    0.0
    0.0
    0.0
    0.0
    0.0
    0.0
    0.0
   43.8
    0.0
    0.0
   80.4
    0.0
   57.0
    0.0
   28.2
    0.0
   47.4
    0.0
    0.0
    0.0
    0.0
  129.6
    0.0
   57.0
    0.0
    0.0
    0.0
    0.0
    0.0
    0.0
    0.0
    0.0
   34.2
   52.8
    0.0
   65.4
    0.0
    0.0
    0.0
    0.0
    0.0
   57.0
    0.0
    0.0
    0.0
    0.0
    0.0
    0.0
   54.6
    0.0
    0.0
    0.0
    0.0
    0.0
    0.0
    0.0
   53.4
    0.0
    0.0
    0.0
    0.0
    0.0
    0.0
    0.0
    0.0
    0.0
    0.0
    0.0
    0.0
    0.0
   72.6
    0.0
    0.0
    0.0
    0.0
    0.0
    0.0
    0.0
    0.0
   78.6
    0.0
    0.0
    0.0
    0.0
    0.0
    0.0
    0.0
   61.2
    0.0
    0.0
    0.0
    0.0
    0.0
   56.4
    0.0
    0.0
    0.0
    0.0
    0.0
    0.0
    0.0
    0.0
    0.0
   55.8
   51.6
   32.4
   51.6
    0.0
   60.0
    0.0
   45.6
    0.0
    0.0
    0.0
    0.0
    0.0
   57.0
    0.0
    0.0
    0.0
    0.0
    0.0
    0.0
    0.0
    0.0
    0.0
    0.0
    0.0
    0.0
    0.0
    0.0
    0.0
    0.0
    0.0
    0.0
   33.0
    0.0
    0.0
    0.0
    0.0
   31.8
    0.0
   64.8
   52.2
    0.0
    0.0
    0.0
    0.0
    0.0
    0.0
    0.0
    0.0
   36.0
   56.4
   65.4
    0.0
   37.2
    0.0
    0.0
    0.0
    0.0
    0.0
    0.0
    0.0
    0.0
   35.4
    0.0
    0.0
    0.0
    0.0
    0.0
    0.0
    0.0
    0.0
    0.0
    0.0
    0.0
    0.0
    0.0
    0.0
    0.0
    0.0
    0.0
   56.4
    0.0
    0.0
    0.0
    0.0
    0.0
   26.4
   78.6
    0.0
    0.0
    0.0
    0.0
    0.0
    0.0
    0.0
    0.0
   68.4
   79.2
    0.0
   66.6
    0.0
   60.6
    0.0
    0.0
    0.0
   59.4
    0.0
    0.0
    0.0
    0.0
    0.0
   31.8
    0.0
    0.0
    0.0
    0.0
    0.0
    0.0
    0.0
    0.0
   55.2
    0.0
    0.0
  155.4
    0.0
    0.0
    0.0
    0.0
    0.0
    0.0
    0.0
    0.0
   58.2
    0.0
    0.0
    0.0
    0.0
    0.0
    0.0
    0.0
    0.0
    0.0
    0.0
    0.0
    0.0
   87.6
   18.6
    0.0
   42.6
    0.0
   97.8
    0.0
    0.0
    0.0
    0.0
   73.2
    0.0
   31.8
   25.8
    0.0
   64.8
   92.4
    0.0
    0.0
    0.0
    0.0
    0.0
    0.0
    0.0
    0.0
    0.0
   43.2
   46.2
   46.2
    0.0
    0.0
    0.0
    0.0
    0.0
    0.0
    0.0
    0.0
  124.2
   12.0
    0.0
    0.0
    0.0
    0.0
    0.0
    0.0
    0.0
    0.0
    0.0
   69.6
    0.0
    0.0
   44.4
    0.0
    0.0
   46.2
    0.0
    0.0
    0.0
    0.0
    0.0
    0.0
    0.0
    0.0
   52.8
    0.0
    0.0
    0.0
    0.0
    0.0
    0.0
    0.0
    0.0
    0.0
    0.0
    0.0
    0.0
    0.0
    0.0
    0.0
    0.0
    0.0
   31.8
    0.0
    0.0
   49.2
    0.0
    0.0
    0.0
    0.0
    0.0
    0.0
    0.0
    0.0
    0.0
    0.0
    0.0
    0.0
    0.0
    0.0
    0.0
    0.0
    0.0
    0.0
    0.0
    0.0
    0.0
    0.0
    0.0
   41.4
    0.0
    0.0
    0.0
   25.2
    0.0
    0.0
    0.0
    0.0
    0.0
    0.0
   87.6
    0.0
  276.6
   38.4
    0.0
   60.6
    0.0
    0.0
   63.0
    0.0
    0.0
   71.4
    0.0
    0.0
    0.0
    0.0
   93.0
   25.8
    0.0
    0.0
    0.0
    0.0
    0.0
    0.0
    0.0
  129.0
    0.0
    0.0
   66.0
   39.6
    0.0
    0.0
    0.0
    0.0
    0.0
    0.0
    0.0
    0.0
    0.0
    0.0
    0.0
    0.0
    0.0
    0.0
    0.0
    0.0
    0.0
    0.0
  127.2
  105.0
    0.0
    0.0
    0.0
    0.0
   50.4
    0.0
   34.2
   58.8
    0.0
    0.0
    0.0
   78.6
    0.0
    0.0
    0.0
    0.0
    0.0
    0.0
    0.0
    0.0
    0.0
    0.0
    0.0
   25.8
   34.2
  126.6
    0.0
    0.0
   50.4
   49.2
    0.0
    0.0
    0.0
    0.0
   76.2
   94.8
   51.0
   44.4
    0.0
    0.0
    0.0
    0.0
    0.0
    0.0
    0.0
    0.0
   46.8
   71.4
   37.2
   32.4
    0.0
    0.0
   50.4
   91.2
    0.0
    0.0
    0.0
    0.0
    0.0
   47.4
    0.0
   33.6
    0.0
    0.0
    0.0
    0.0
    0.0
    0.0
    0.0
    0.0
    0.0
   81.0
   69.0
   37.8
    0.0
    0.0
    0.0
   87.0
    0.0
    0.0
    0.0
   53.4
   90.0
   54.6
    0.0
    0.0
    0.0
   90.0
    0.0
    0.0
    0.0
    0.0
    0.0
    0.0
    0.0
   55.2
   23.4
   50.4
    0.0
   45.6
    0.0
    0.0
    0.0
    0.0
    0.0
    0.0
    0.0
   39.0
   34.2
   64.2
    0.0
   61.8
    0.0
    0.0
    0.0
    0.0
    0.0
    0.0
    0.0
    0.0
    0.0
    0.0
    0.0
    0.0
   65.4
    0.0
    0.0
    0.0
    0.0
    0.0
    0.0
   58.8
   63.0
   58.8
    0.0
  104.4
    0.0
    0.0
    0.0
    0.0
    0.0
    0.0
    0.0
   67.2
   77.4
    0.0
    0.0
    0.0
    0.0
    0.0
   46.8
    0.0
    0.0
    0.0
  115.2
    0.0
    0.0
    0.0
    0.0
   66.0
    0.0
    0.0
   65.4
    0.0
    0.0
    0.0
    0.0
    0.0
   91.8
    0.0
   61.2
   59.4
    0.0
    0.0
    0.0
    0.0
  111.0
    0.0
    0.0
    0.0
    0.0
    0.0
    0.0
    0.0
    0.0
    0.0
    0.0
    0.0
    0.0
    0.0
    0.0
    0.0
    0.0
   58.2
    0.0
    0.0
    0.0
    0.0
    0.0
    0.0
   54.6
    0.0
    0.0
    0.0
    0.0
    0.0
   54.6
    0.0
    0.0
    0.0
    0.0
    0.0
    0.0
    0.0
    0.0
   87.6
   31.2
   86.4
    0.0
    0.0
    0.0
    0.0
    0.0
   46.8
    0.0
   56.4
   34.8
  136.8
    0.0
    0.0
    0.0
   72.0
    0.0
    0.0
    0.0
    0.0
    0.0
    0.0
    0.0
    0.0
    0.0
   51.6
   58.2
   61.8
    0.0
    0.0
    0.0
    0.0
    0.0
    0.0
    0.0
   55.2
    0.0
    0.0
    0.0
    0.0
    0.0
    0.0
    0.0
    0.0
    0.0
    0.0
    0.0
   54.0
    0.0
    0.0
    0.0
    0.0
    0.0
    0.0
   82.2
    0.0
   67.2
    0.0
    0.0
    0.0
    0.0
   12.0
    0.0
    0.0
   49.8
    0.0
    0.0
    0.0
    0.0
    0.0
    0.0
    0.0
    0.0
   56.4
    0.0
    0.0
    0.0
    0.0
    0.0
    0.0
    0.0
   40.2
    0.0
    0.0
    0.0
  105.6
   44.4
    0.0
    0.0
    0.0
    0.0
    0.0
    0.0
    0.0
    0.0
    0.0
   39.6
  120.0
    0.0
    0.0
   36.0
    0.0
   74.4
    0.0
    0.0
    0.0
   43.8
    0.0
    0.0
   54.0
    0.0
    0.0
    0.0
    0.0
    0.0
    0.0
    0.0
    0.0
    0.0
    0.0
    0.0
   64.8
    0.0
   56.4
   53.4
    0.0
    0.0
    0.0
   45.6
    0.0
   44.4
    0.0
   33.6
   71.4
   37.2
    0.0
    0.0
    0.0
    0.0
    0.0
    0.0
    0.0
    0.0
    0.0
   25.2
   43.8
    0.0
    0.0
    0.0
   39.0
    0.0
    0.0
    0.0
    0.0
    0.0
    0.0
  106.8
    0.0
    0.0
    0.0
   34.8
    0.0
    0.0
    0.0
    0.0
    0.0
    0.0
    0.0
    0.0
    0.0
    0.0
    0.0
    0.0
    0.0
    0.0
    0.0
   47.4
   38.4
    0.0
    0.0
  100.2
    0.0
   45.6
    0.0
    0.0
    0.0
    0.0
    0.0
    0.0
    0.0
    0.0
   53.4
    0.0
    0.0
    0.0
    0.0
    0.0
    0.0
   67.2
   13.2
   42.0
  120.6
    0.0
    0.0
   77.4
    0.0
    0.0
    0.0
    0.0
    0.0
    0.0
    0.0
    0.0
    0.0
    0.0
  109.8
   97.8
  174.6
   45.0
    0.0
    0.0
    0.0
    0.0
    0.0
    0.0
   49.8
    0.0
    0.0
    0.0
    0.0
    0.0
    0.0
    0.0
    0.0
    0.0
    0.0
    0.0
    0.0
    0.0
    0.0
    0.0
   85.8
    0.0
    0.0
    0.0
    0.0
    0.0
    0.0
    0.0
    0.0
    0.0
    0.0
    0.0
    0.0
    0.0
    0.0
   59.4
    0.0
    0.0
    0.0
    0.0
    0.0
    0.0
    0.0
   58.8
   91.2
    0.0
    0.0
   30.6
   29.4
   22.2
    0.0
   30.6
    0.0
    0.0
    0.0
    0.0
    0.0
   30.0
    0.0
   58.2
    0.0
    0.0
    0.0
    0.0
    0.0
    0.0
   67.8
    0.0
   77.4
    0.0
    0.0
   45.6
    0.0
    0.0
   69.0
   15.0
    0.0
    0.0
   48.0
    0.0
    0.0
   58.2
   44.4
    0.0
    0.0
    0.0
    0.0
    0.0
    0.0
    0.0
    0.0
  170.4
  115.2
   33.0
    0.0
    0.0
    0.0
    0.0
    0.0
    0.0
    0.0
   30.0
    0.0
   28.8
    0.0
    0.0
   54.0
    0.0
    0.0
    0.0
    0.0
    0.0
    0.0
    0.0
    0.0
   75.0
   49.8
    0.0
    0.0
    0.0
    0.0
    0.0
    0.0
    0.0
    0.0
   90.0
    0.0
    0.0
   33.6
    0.0
    0.0
    0.0
    0.0
    0.0
    0.0
    0.0
    0.0
    0.0
    0.0
    0.0
    0.0
    0.0
    0.0
    0.0
   34.2
    0.0
    0.0
    0.0
    0.0
    0.0
    0.0
    0.0
   43.2
   85.2
    0.0
    0.0
    0.0
    0.0
    0.0
    0.0
    0.0
    0.0
    0.0
   64.2
  150.6
    0.0
    0.0
   64.8
   54.6
   45.6
    0.0
    0.0
    0.0
    0.0
    0.0
  114.6
   34.2
    0.0
    0.0
   58.8
    0.0
    0.0
    0.0
    0.0
    0.0
    0.0
    0.0
    0.0
  114.6
    0.0
    0.0
    0.0
    0.0
    0.0
    0.0
    0.0
    0.0
    0.0
   62.4
    0.0
    0.0
    0.0
    0.0
   55.8
    0.0
    0.0
    0.0
    0.0
    0.0
    0.0
    0.0
    0.0
  103.2
   27.0
    0.0
    0.0
   60.6
    0.0
   51.0
   40.8
    0.0
    0.0
    0.0
    0.0
  105.0
   23.4
    0.0
    0.0
    0.0
    0.0
    0.0
    0.0
    0.0
    0.0
    0.0
   43.2
    0.0
    0.0
   46.8
    0.0
    0.0
    0.0
    0.0
    0.0
    0.0
   20.4
    0.0
   35.4
   51.0
    0.0
    0.0
    0.0
    0.0
    0.0
    0.0
    0.0
    0.0
    0.0
   29.4
    0.0
   83.4
   63.6
    0.0
    0.0
   30.0
    0.0
    0.0
    0.0
   39.6
   41.4
    0.0
    0.0
    0.0
    0.0
    0.0
    0.0
    0.0
    0.0
    0.0
    0.0
    0.0
    0.0
    0.0
   84.0
    0.0
    0.0
    0.0
    0.0
    0.0
    0.0
    0.0
    0.0
    0.0
    0.0
    0.0
    0.0
    0.0
   88.8
    0.0
    0.0
    0.0
    0.0
    0.0
    0.0
    0.0
    0.0
   34.8
   72.0
    0.0
    0.0
    0.0
   42.0
    0.0
    0.0
   58.2
    0.0
    0.0
    0.0
   49.2
    0.0
    0.0
   49.2
    0.0
    0.0
    0.0
    0.0
    0.0
    0.0
    0.0
    0.0
    0.0
  100.2
    0.0
   84.6
    0.0
    0.0
    0.0
    0.0
    0.0
    0.0
    0.0
    0.0
   75.6
    0.0
    0.0
    0.0
    0.0
    0.0
    0.0
    0.0
    0.0
    0.0
    0.0
    0.0
    0.0
    0.0
    0.0
    0.0
    0.0
    0.0
    0.0
    0.0
   78.0
   60.0
    0.0
    0.0
    0.0
    0.0
   22.8
    0.0
    0.0
    0.0
    0.0
    0.0
    0.0
    0.0
    0.0
    0.0
    0.0
    0.0
    0.0
   66.0
   92.4
    0.0
    0.0
    0.0
    0.0
    0.0
    0.0
    0.0
    0.0
    0.0
    0.0
    0.0
    0.0
   10.8
    0.0
    0.0
    0.0
    0.0
    0.0
    0.0
   50.4
   21.6
   91.2
   41.4
    0.0
    0.0
    0.0
    0.0
   43.8
    0.0
    0.0
   63.6
    0.0
   69.6
   42.6
   31.8
   32.4
    0.0
    0.0
    0.0
    0.0
    0.0
    0.0
    0.0
    0.0
   70.8
  136.8
   76.8
    0.0
    0.0
    0.0
    0.0
    0.0
    0.0
    0.0
    0.0
   43.2
    0.0
    0.0
   51.6
    0.0
   63.0
    0.0
    0.0
    0.0
    0.0
    0.0
    0.0
    0.0
    0.0
   80.4
    0.0
    0.0
    0.0
    0.0
    0.0
    0.0
    0.0
    0.0
    0.0
    0.0
    0.0
    0.0
   79.2
    0.0
    0.0
    0.0
    0.0
    0.0
    0.0
    0.0
   52.2
   12.6
    8.4
  157.8
    0.0
   43.2
    0.0
   68.4
    0.0
   48.6
   51.0
    0.0
    0.0
    0.0
    0.0
   84.6
   37.2
    0.0
    0.0
    0.0
    0.0
    0.0
    0.0
    0.0
    0.0
    0.0
    0.0
   69.6
    0.0
    0.0
   26.4
   48.0
    0.0
    0.0
    0.0
    0.0
    0.0
    0.0
    0.0
   90.0
   32.4
    0.0
    0.0
    0.0
    0.0
    0.0
    0.0
    0.0
    0.0
   51.0
    0.0
    0.0
    0.0
    0.0
    0.0
   48.6
   53.4
   46.8
    0.0
    0.0
    0.0
    0.0
    0.0
   86.4
    0.0
    0.0
    0.0
    0.0
    0.0
    0.0
    0.0
    0.0
    0.0
    0.0
   14.4
   88.8
    0.0
    0.0
    0.0
    0.0
    0.0
    0.0
    0.0
    0.0
   30.0
    0.0
    0.0
    0.0
    0.0
    0.0
    0.0
    0.0
    0.0
    0.0
    0.0
    0.0
    0.0
    0.0
    0.0
    0.0
   87.0
    0.0
   19.8
   45.6
    0.0
    0.0
    0.0
    0.0
   52.2
    0.0
   58.8
   15.6
    0.0
    0.0
    0.0
    0.0
    0.0
    0.0
    0.0
    0.0
    0.0
    0.0
    0.0
   55.8
   57.6
    0.0
    0.0
   24.0
    0.0
    0.0
    0.0
    0.0
   66.0
   52.2
    0.0
    0.0
    0.0
    0.0
    0.0
    0.0
    0.0
    0.0
    0.0
    0.0
    0.0
    0.0
    0.0
    0.0
    0.0
    0.0
    0.0
   27.0
    0.0
    0.0
    0.0
  100.2
   33.6
   79.2
    0.0
    0.0
    0.0
    0.0
   49.8
    0.0
    0.0
    0.0
    0.0
    0.0
    0.0
    0.0
    0.0
   90.6
    0.0
    0.0
    0.0
    0.0
    0.0
    0.0
   40.2
    0.0
    0.0
    0.0
   50.4
  123.6
    0.0
    0.0
   61.8
    0.0
    0.0
    0.0
    0.0
    0.0
    0.0
    0.0
    0.0
   24.6
   43.8
    0.0
    0.0
    0.0
    0.0
   58.8
    0.0
    0.0
    0.0
   54.0
    0.0
    0.0
    0.0
   57.6
    0.0
    0.0
    0.0
    0.0
    0.0
    0.0
    0.0
    0.0
   51.6
    0.0
    0.0
    0.0
    0.0
    0.0
    0.0
    0.0
    0.0
    0.0
    0.0
   59.4
    0.0
    0.0
   32.4
   16.8
    0.0
    0.0
    0.0
    0.0
    0.0
    0.0
    0.0
    0.0
    0.0
    0.0
    0.0
    0.0
    0.0
    0.0
    0.0
    0.0
    0.0
    0.0
   44.4
    0.0
    0.0
    0.0
    0.0
    0.0
    0.0
    0.0
    0.0
    0.0
    0.0
    0.0
    0.0
    0.0
   36.6
    0.0
   27.0
   44.4
    0.0
    0.0
    0.0
    0.0
    0.0
    0.0
    0.0
   69.0
   34.2
   42.6
    0.0
    0.0
    0.0
    0.0
    0.0
    0.0
    0.0
    0.0
    0.0
    0.0
    0.0
   64.2
    0.0
    0.0
    0.0
   48.0
    0.0
    0.0
    0.0
    0.0
    0.0
   78.6
    0.0
    0.0
    0.0
   60.0
    0.0
    0.0
    0.0
    0.0
    0.0
    0.0
    0.0
    0.0
   22.8
   50.4
    0.0
    0.0
   39.6
    0.0
    0.0
    0.0
    0.0
   37.2
    0.0
    0.0
    0.0
    0.0
    0.0
    0.0
    0.0
    0.0
   41.4
    0.0
    0.0
    0.0
    0.0
    0.0
    0.0
  104.4
   63.6
  114.0
    0.0
    0.0
    0.0
    0.0
    0.0
   54.6
    0.0
    0.0
   34.8
    0.0
    0.0
    0.0
    0.0
    0.0
    0.0
    0.0
    0.0
    0.0
    0.0
   64.8
   35.4
    0.0
   81.6
    0.0
    0.0
    0.0
    0.0
    0.0
    0.0
    0.0
   49.2
    0.0
    0.0
   64.2
  113.4
   29.4
   52.8
    0.0
    0.0
    0.0
    0.0
    0.0
    0.0
    0.0
   31.2
    0.0
    0.0
    0.0
    0.0
    0.0
   36.6
    0.0
    0.0
    0.0
   54.0
    0.0
   41.4
    0.0
    0.0
   24.0
    0.0
    0.0
    0.0
    0.0
    0.0
    0.0
   54.6
    0.0
   84.6
    0.0
    0.0
    0.0
    0.0
    0.0
  123.6
    0.0
   59.4
    0.0
    0.0
   50.4
    0.0
   46.8
   40.8
    0.0
    0.0
    0.0
    0.0
    0.0
    0.0
    0.0
    0.0
    0.0
    0.0
    0.0
   42.6
    0.0
    0.0
    0.0
   57.0
   38.4
    0.0
    0.0
    0.0
    0.0
    0.0
   46.8
    0.0
    0.0
    0.0
    0.0
    0.0
    0.0
    0.0
    0.0
    0.0
    0.0
    0.0
    0.0
    0.0
   32.4
   46.8
    0.0
    0.0
    0.0
    0.0
    0.0
    0.0
    0.0
    0.0
   38.4
    0.0
    0.0
   31.8
    0.0
    0.0
    0.0
    0.0
    0.0
    0.0
    0.0
    0.0
   32.4
    0.0
    0.0
    0.0
   81.0
    0.0
    0.0
    0.0
    0.0
    0.0
    0.0
    0.0
    0.0
    0.0
    0.0
    0.0
    0.0
    0.0
    0.0
    0.0
    0.0
    0.0
    0.0
   35.4
   82.8
    0.0
    0.0
    0.0
    0.0
    0.0
    0.0
    0.0
    0.0
    0.0
    0.0
    0.0
    0.0
    0.0
    0.0
    0.0
    0.0
    0.0
    0.0
    0.0
    0.0
    0.0
    0.0
    0.0
    0.0
    0.0
    0.0
   27.6
    0.0
    0.0
    0.0
    0.0
    0.0
    0.0
    0.0
    0.0
    0.0
    0.0
   96.6
    0.0
    0.0
    0.0
    0.0
    0.0
    0.0
    0.0
   48.6
    0.0
   25.8
    0.0
    0.0
    0.0
   39.0
    0.0
    0.0
   78.6
    0.0
   41.4
    0.0
    0.0
   58.8
    0.0
   50.4
    0.0
    0.0
    0.0
    0.0
    0.0
    0.0
    0.0
   55.2
   58.2
   28.8
    0.0
    0.0
    0.0
    0.0
    0.0
    0.0
    0.0
    0.0
    0.0
    0.0
    0.0
   49.8
    0.0
    0.0
    0.0
    0.0
    0.0
    0.0
    0.0
    0.0
    0.0
   43.2
   40.2
   72.0
    0.0
    0.0
    0.0
    0.0
    0.0
    0.0
    0.0
   39.6
    0.0
    0.0
    0.0
    0.0
    0.0
   47.4
    0.0
    0.0
    0.0
    0.0
    0.0
    0.0
    0.0
   70.2
   44.4
    0.0
    0.0
    0.0
    0.0
   63.6
    0.0
    0.0
   61.8
    0.0
   53.4
   46.2
   85.8
    0.0
    0.0
    0.0
    0.0
    0.0
    0.0
    0.0
    0.0
    0.0
    0.0
    0.0
  106.8
    0.0
    0.0
    0.0
    0.0
    0.0
  152.4
    0.0
    0.0
    0.0
    0.0
   35.4
    0.0
   49.8
    0.0
    0.0
    0.0
    0.0
    0.0
    0.0
    0.0
    0.0
    0.0
    0.0
    0.0
    0.0
    0.0
    0.0
    0.0
    0.0
    0.0
    0.0
    0.0
    0.0
    0.0
    0.0
   51.0
    0.0
    0.0
    0.0
    0.0
    0.0
    0.0
    0.0
    0.0
    0.0
    0.0
   67.2
   24.6
    0.0
   62.4
    0.0
    0.0
    0.0
   52.8
    0.0
    0.0
    0.0
    0.0
    0.0
    0.0
    0.0
    0.0
    0.0
    0.0
    0.0
    0.0
    0.0
    0.0
    0.0
    0.0
    0.0
    0.0
    0.0
  126.0
    0.0
    0.0
    0.0
    0.0
    0.0
    0.0
    0.0
   40.2
    0.0
    0.0
   46.2
    0.0
    0.0
    0.0
    0.0
    0.0
    0.0
    0.0
    0.0
    0.0
    0.0
    0.0
   42.6
   48.6
    0.0
    0.0
    0.0
   39.6
    0.0
    0.0
    0.0
    0.0
   66.6
    0.0
    0.0
    0.0
    0.0
    0.0
    0.0
    0.0
    0.0
    0.0
    0.0
    0.0
  114.0
   67.2
    0.0
    0.0
    0.0
  160.2
    0.0
    0.0
    0.0
    0.0
    0.0
    0.0
    0.0
  105.0
    0.0
   55.2
   49.2
   60.6
    0.0
    0.0
    0.0
    0.0
    0.0
    0.0
    0.0
    0.0
   43.8
    0.0
    0.0
    0.0
    0.0
    0.0
   40.2
    0.0
   42.0
    0.0
    0.0
    0.0
    0.0
    0.0
    0.0
    0.0
    0.0
    0.0
    0.0
    0.0
    0.0
    0.0
   64.2
  104.4
    0.0
    0.0
    0.0
    0.0
    0.0
    0.0
    0.0
   68.4
    0.0
    0.0
   53.4
    9.6
    0.0
    0.0
    0.0
    0.0
    0.0
    0.0
    0.0
    0.0
    0.0
    0.0
    0.0
   57.6
   52.8
    0.0
    0.0
   59.4
    0.0
    0.0
    0.0
    0.0
    0.0
    0.0
   36.6
  110.4
   38.4
   36.6
    0.0
   56.4
    0.0
    0.0
    0.0
    0.0
    0.0
    0.0
    0.0
   44.4
    0.0
    0.0
    0.0
    0.0
    0.0
    0.0
   72.6
    0.0
    0.0
    0.0
    0.0
    0.0
    0.0
    0.0
   22.8
    0.0
    0.0
    0.0
    0.0
    0.0
    0.0
    0.0
    0.0
   27.0
  132.0
    0.0
    0.0
    0.0
    0.0
    0.0
    0.0
    0.0
    0.0
    0.0
    0.0
    0.0
   19.2
   51.0
    0.0
   36.0
    0.0
    0.0
    0.0
    0.0
    0.0
    0.0
    0.0
  184.2
  105.6
   43.8
    0.0
    0.0
    0.0
   41.4
    0.0
    0.0
    0.0
    0.0
    0.0
  106.2
   72.6
   69.0
    0.0
   57.0
    0.0
    0.0
    0.0
    0.0
    0.0
    0.0
  117.0
   39.0
    0.0
    0.0
    0.0
    0.0
    0.0
    0.0
   25.8
    0.0
    0.0
    0.0
   88.8
    0.0
   51.0
    0.0
    0.0
   42.0
    0.0
    0.0
    0.0
    0.0
    0.0
    0.0
   18.6
    0.0
    0.0
    0.0
   51.6
  116.4
   54.0
   21.0
    0.0
    0.0
    0.0
   39.0
    0.0
    0.0
    0.0
    0.0
   66.6
    0.0
    0.0
    0.0
    0.0
    0.0
    0.0
    0.0
    0.0
   63.6
   54.0
    0.0
   54.6
    0.0
    0.0
    0.0
    0.0
    0.0
    0.0
    0.0
    0.0
   63.0
  123.6
    0.0
    0.0
    0.0
    0.0
    0.0
    0.0
    0.0
    0.0
    0.0
    0.0
    0.0
   93.6
   87.0
    0.0
    0.0
    0.0
    0.0
    0.0
   86.4
    0.0
    0.0
    0.0
    0.0
    0.0
   12.6
    0.0
   48.6
    0.0
    0.0
    0.0
    0.0
    0.0
    0.0
  115.2
   24.6
    0.0
    0.0
    0.0
    0.0
   49.8
    0.0
    0.0
    0.0
    0.0
    0.0
    0.0
    0.0
    0.0
   63.0
    0.0
    0.0
    0.0
    0.0
    0.0
    0.0
    0.0
    0.0
  144.0
   64.8
    0.0
   45.0
    0.0
    0.0
    0.0
    0.0
    0.0
    0.0
    0.0
    0.0
   72.0
    0.0
    0.0
    0.0
   25.8
    0.0
    0.0
    0.0
    0.0
    0.0
    0.0
    0.0
    0.0
   33.6
    0.0
    0.0
    0.0
   52.2
   11.4
    0.0
   54.0
   64.2
   33.6
    0.0
    0.0
   51.0
   56.4
    0.0
    0.0
    0.0
    0.0
    0.0
    0.0
    0.0
    0.0
    0.0
    0.0
    0.0
    0.0
   52.8
    0.0
    0.0
    0.0
    0.0
    0.0
    0.0
    0.0
   64.2
    0.0
    0.0
   31.8
    0.0
    0.0
    0.0
    0.0
    0.0
    0.0
    0.0
    0.0
    0.0
   84.6
    0.0
   52.2
    0.0
    0.0
    0.0
    0.0
    0.0
    0.0
   79.8
   50.4
    0.0
    0.0
    0.0
   75.0
    0.0
    0.0
    0.0
    0.0
    0.0
    0.0
    0.0
    0.0
    0.0
   44.4
    0.0
    0.0
   63.6
    0.0
    0.0
    0.0
    0.0
    0.0
    0.0
    0.0
    9.6
    0.0
    0.0
   54.0
    0.0
    0.0
    0.0
    0.0
    0.0
    0.0
   60.0
    0.0
    0.0
    0.0
   94.8
   10.2
    0.0
    0.0
   37.2
    0.0
   57.0
    0.0
    0.0
    0.0
   52.2
   63.6
    0.0
    0.0
    0.0
    0.0
    0.0
    0.0
    0.0
    0.0
    0.0
    0.0
    0.0
    0.0
    0.0
  112.8
    0.0
  133.2
    0.0
   52.2
    0.0
    0.0
    0.0
    0.0
    0.0
    0.0
    0.0
   97.2
    0.0
    0.0
    0.0
    0.0
    0.0
    0.0
    0.0
    0.0
    0.0
   72.0
    0.0
    0.0
    0.0
    0.0
   23.4
    0.0
    0.0
    0.0
    0.0
    0.0
    0.0
   45.0
   58.8
    0.0
    0.0
    0.0
    0.0
    0.0
    0.0
    0.0
    0.0
    0.0
    0.0
   40.8
   36.6
   93.6
   46.2
    0.0
    0.0
    0.0
    0.0
    0.0
    0.0
    0.0
   22.2
    0.0
    0.0
   35.4
    0.0
    0.0
    0.0
    0.0
    0.0
    0.0
    0.0
    0.0
    0.0
   20.4
   96.6
    0.0
    0.0
    0.0
    0.0
    0.0
    0.0
    0.0
    0.0
    0.0
   31.2
    0.0
    0.0
   61.2
    0.0
    0.0
    0.0
    0.0
    0.0
    0.0
    0.0
    0.0
    0.0
    0.0
    0.0
  160.8
    0.0
   17.4
    0.0
    0.0
   54.0
   70.2
    0.0
    0.0
    0.0
    0.0
    0.0
    0.0
    0.0
    0.0
    0.0
    0.0
    0.0
    0.0
    0.0
    0.0
    0.0
    0.0
    0.0
   60.0
    0.0
    0.0
   60.0
    0.0
    0.0
    0.0
    0.0
    0.0
    0.0
    0.0
    0.0
    0.0
    0.0
    0.0
    0.0
    0.0
    0.0
    0.0
    0.0
    0.0
    0.0
    0.0
    0.0
    0.0
   83.4
    0.0
    0.0
    0.0
    0.0
    0.0
    0.0
    0.0
   85.8
    0.0
    0.0
    0.0
   59.4
    0.0
    0.0
    0.0
    0.0
    0.0
    0.0
   40.8
    0.0
    0.0
   41.4
   59.4
    0.0
    0.0
    0.0
    0.0
    0.0
    0.0
   28.8
    0.0
    0.0
    0.0
    0.0
   18.0
   42.0
    0.0
    0.0
    0.0
    0.0
    0.0
    0.0
    0.0
    0.0
   85.2
    0.0
   66.6
   69.0
    0.0
   49.8
   62.4
    0.0
    0.0
    0.0
    0.0
    0.0
    0.0
   28.8
    0.0
    0.0
    0.0
    0.0
    0.0
    0.0
    0.0
    0.0
    0.0
    0.0
    0.0
    0.0
    0.0
    0.0
    0.0
    0.0
    0.0
    0.0
    0.0
    0.0
    0.0
    0.0
    0.0
    0.0
    0.0
    0.0
    0.0
   26.4
    0.0
    0.0
    0.0
    0.0
    0.0
    0.0
    0.0
  103.2
   88.2
    0.0
    0.0
   26.4
    0.0
    0.0
    0.0
    0.0
    0.0
   59.4
    0.0
   57.6
    0.0
    0.0
    0.0
    0.0
    0.0
    0.0
    0.0
    0.0
    0.0
    0.0
    0.0
    0.0
   61.2
    0.0
    0.0
   39.6
    0.0
    0.0
    0.0
   55.8
    0.0
    0.0
    0.0
    0.0
    0.0
   60.6
   67.8
    0.0
    0.0
    0.0
    0.0
    0.0
    0.0
    0.0
    0.0
    0.0
   24.6
    0.0
   43.2
   52.8
    0.0
   31.8
    0.0
   81.0
   52.8
   16.2
    0.0
   50.4
    0.0
  100.2
    0.0
    0.0
    0.0
    0.0
    0.0
    0.0
    0.0
    0.0
    0.0
   60.0
   50.4
    0.0
    0.0
   45.0
    0.0
    0.0
   42.0
    0.0
    0.0
    0.0
    0.0
  119.4
   99.6
    0.0
    0.0
    0.0
    0.0
    0.0
    0.0
    0.0
    0.0
    0.0
   46.8
    0.0
    0.0
    0.0
    0.0
   30.0
    0.0
    0.0
    0.0
    0.0
   47.4
    0.0
    0.0
   30.6
    0.0
    0.0
    0.0
    0.0
    0.0
    0.0
    0.0
    0.0
    0.0
    0.0
    0.0
   43.2
   54.0
    0.0
    0.0
    0.0
    0.0
    0.0
    0.0
    0.0
    0.0
   26.4
    0.0
    0.0
    0.0
    0.0
    0.0
    0.0
    0.0
    0.0
    0.0
    0.0
    0.0
    0.0
    0.0
  107.4
   55.8
    0.0
    0.0
    0.0
   15.6
    0.0
    0.0
    0.0
    0.0
    0.0
    0.0
   98.4
    0.0
   67.2
   10.2
   40.2
    0.0
    0.0
    0.0
    0.0
    0.0
    0.0
    0.0
    0.0
   40.2
  106.8
    0.0
   46.2
    0.0
    0.0
    0.0
    0.0
    0.0
    0.0
    0.0
   31.2
  105.0
    0.0
    0.0
    0.0
    0.0
    0.0
    0.0
    0.0
    0.0
    0.0
   48.0
    0.0
    0.0
    0.0
    0.0
   43.2
    0.0
   51.0
    0.0
    0.0
    0.0
    0.0
   67.8
    0.0
    0.0
    0.0
    0.0
    0.0
    0.0
    0.0
    0.0
    0.0
    0.0
    0.0
   40.2
    0.0
   46.8
   29.4
    0.0
    0.0
    0.0
    0.0
    0.0
    0.0
    0.0
    0.0
   51.6
    0.0
   39.6
   28.2
    0.0
    0.0
    0.0
    0.0
    0.0
    0.0
    0.0
    0.0
    0.0
    0.0
    0.0
    0.0
    0.0
    0.0
    0.0
    0.0
    0.0
    0.0
   18.6
    0.0
    0.0
    0.0
    0.0
    0.0
    0.0
    0.0
    0.0
    0.0
    0.0
    0.0
    0.0
    0.0
    0.0
   43.2
    6.6
    0.0
    0.0
    0.0
    0.0
    0.0
    0.0
    0.0
   28.8
    0.0
   51.6
    0.0
   79.8
   23.4
   36.6
    0.0
    0.0
    0.0
    0.0
    0.0
    0.0
    0.0
    0.0
   54.6
   46.2
    0.0
    0.0
   55.8
    0.0
    0.0
    0.0
    0.0
    0.0
    0.0
    0.0
   40.8
    0.0
    0.0
    0.0
    0.0
    0.0
    0.0
    0.0
    0.0
    0.0
    0.0
  123.0
   46.2
   78.0
    0.0
    0.0
   51.6
   73.8
    0.0
   57.0
    0.0
   58.8
   66.6
    0.0
    0.0
   17.4
   62.4
    0.0
    0.0
    0.0
    0.0
    0.0
    0.0
    0.0
    0.0
    0.0
    0.0
    0.0
    9.0
    0.0
    0.0
    0.0
   62.4
    0.0
   46.2
   44.4
    0.0
    0.0
    0.0
    0.0
   28.8
   29.4
   45.6
    0.0
    0.0
    0.0
    0.0
    0.0
    0.0
   13.8
    0.0
    0.0
    0.0
    0.0
    0.0
    0.0
    0.0
    0.0
    0.0
    0.0
    0.0
    0.0
    0.0
   42.0
   55.8
    0.0
    0.0
    0.0
    0.0
    0.0
    0.0
    0.0
    0.0
   16.2
    0.0
    0.0
    0.0
    0.0
    0.0
    0.0
    0.0
    0.0
    0.0
    0.0
    0.0
    0.0
    0.0
    0.0
    0.0
    0.0
    0.0
    0.0
    0.0
    0.0
    0.0
    0.0
    0.0
    0.0
    0.0
   33.6
    0.0
    0.0
    0.0
    0.0
    0.0
    0.0
    0.0
    0.0
    0.0
    0.0
    0.0
    0.0
    0.0
    0.0
   75.0
    0.0
    0.0
    0.0
    0.0
    0.0
    0.0
    0.0
   68.4
   51.6
    0.0
    0.0
    0.0
    0.0
    0.0
    0.0
  124.8
    0.0
    0.0
    0.0
    0.0
    0.0
   34.8
    0.0
    0.0
    0.0
    0.0
    0.0
    0.0
    0.0
    0.0
    0.0
   36.6
    0.0
   55.2
    0.0
    0.0
    0.0
   72.0
   58.2
    0.0
    0.0
    0.0
    0.0
   66.6
    0.0
    0.0
    0.0
    0.0
    0.0
    0.0
    0.0
    0.0
    0.0
    0.0
    0.0
    0.0
   52.8
   58.2
   78.0
    0.0
    0.0
    0.0
    0.0
    0.0
    0.0
    0.0
    0.0
   28.2
    0.0
    0.0
    0.0
    0.0
    0.0
    0.0
    0.0
    0.0
    0.0
    0.0
    0.0
    0.0
   67.8
   43.8
    0.0
    0.0
    0.0
   76.2
    0.0
    0.0
    0.0
   26.4
    0.0
   51.0
    0.0
    0.0
    0.0
    0.0
    0.0
    0.0
    0.0
    0.0
    0.0
    0.0
    0.0
    0.0
    0.0
   23.4
    0.0
    0.0
    0.0
    0.0
    0.0
    0.0
    0.0
    0.0
    0.0
    0.0
    0.0
    0.0
    0.0
    0.0
    0.0
    0.0
    0.0
    0.0
    0.0
    0.0
   55.2
    0.0
    0.0
    0.0
    0.0
    0.0
    0.0
    0.0
    0.0
    0.0
    0.0
   83.4
   60.0
    0.0
   45.6
   96.0
    0.0
    0.0
    0.0
    0.0
    0.0
    0.0
    0.0
    0.0
    0.0
    0.0
    0.0
    0.0
    0.0
    0.0
    0.0
   51.6
    0.0
    0.0
    0.0
    0.0
    0.0
    0.0
    0.0
    0.0
    0.0
    0.0
    0.0
    0.0
    0.0
    0.0
    0.0
    0.0
   39.6
    0.0
   52.2
    0.0
    0.0
    0.0
    0.0
    0.0
    0.0
    0.0
   32.4
   45.0
    0.0
   63.6
    0.0
    0.0
    0.0
    0.0
    0.0
    0.0
    0.0
    0.0
    0.0
    0.0
   48.6
   50.4
    0.0
    0.0
    0.0
    0.0
    0.0
    0.0
    0.0
    0.0
    0.0
    0.0
    0.0
    0.0
    0.0
    0.0
    0.0
    0.0
    0.0
    0.0
    0.0
    0.0
    0.0
    0.0
    0.0
   30.0
    0.0
   63.0
    0.0
    0.0
    0.0
    0.0
    0.0
    0.0
    0.0
    0.0
    0.0
    0.0
    0.0
    0.0
    0.0
   44.4
    0.0
    0.0
    0.0
    0.0
    0.0
    0.0
    0.0
   45.0
   72.0
    0.0
    0.0
    0.0
    0.0
    0.0
    0.0
   15.0
    0.0
    0.0
    0.0
    0.0
    0.0
    0.0
    0.0
   24.0
    0.0
    0.0
    0.0
    0.0
    0.0
    0.0
    0.0
   40.2
    0.0
    0.0
   37.8
    0.0
    0.0
   67.8
   40.8
    0.0
   52.8
    0.0
   19.8
    0.0
   54.6
    0.0
    0.0
    0.0
    0.0
   37.2
    0.0
    0.0
    0.0
    0.0
    0.0
   42.6
    0.0
    0.0
    0.0
    0.0
    0.0
    0.0
    0.0
    0.0
   72.0
    0.0
    0.0
    0.0
    0.0
   98.4
    0.0
    0.0
    0.0
    0.0
    0.0
    0.0
    0.0
    0.0
   61.8
   32.4
    0.0
    0.0
    0.0
    0.0
    0.0
    0.0
    0.0
    0.0
    0.0
    0.0
    0.0
    0.0
    0.0
    0.0
    0.0
    0.0
    0.0
    0.0
    0.0
    0.0
    0.0
    0.0
    0.0
   79.2
    0.0
    0.0
    0.0
   64.2
    0.0
    0.0
    0.0
    0.0
    0.0
    0.0
    0.0
    0.0
    0.0
    0.0
   42.0
    0.0
    0.0
    0.0
    0.0
    0.0
    0.0
    0.0
    0.0
    0.0
   48.6
    0.0
    0.0
    0.0
    0.0
    0.0
    0.0
    0.0
    0.0
    0.0
    0.0
    0.0
   66.6
    0.0
    0.0
    0.0
    0.0
    0.0
    0.0
    0.0
    0.0
    0.0
    0.0
    0.0
    0.0
    0.0
   68.4
    0.0
    0.0
    0.0
    0.0
    0.0
    0.0
    0.0
    0.0
    0.0
    0.0
   60.6
    0.0
    0.0
    0.0
    0.0
    0.0
    0.0
    0.0
    0.0
   18.0
    0.0
   55.8
    0.0
    0.0
    0.0
   34.8
   35.4
    0.0
    0.0
   33.6
    0.0
    0.0
  120.0
   53.4
    0.0
    0.0
    0.0
    0.0
    0.0
    0.0
    0.0
    0.0
    0.0
   23.4
    0.0
    0.0
   49.8
    0.0
   42.0
    0.0
   24.6
    0.0
    0.0
    0.0
   81.0
   34.2
   37.2
   49.8
    0.0
    0.0
    0.0
    0.0
    0.0
    0.0
    0.0
    0.0
    0.0
    0.0
    0.0
    0.0
    0.0
    0.0
    0.0
    0.0
   63.6
    0.0
    0.0
    0.0
  101.4
    0.0
    0.0
    0.0
    0.0
    0.0
   42.6
    0.0
    0.0
    0.0
    0.0
    0.0
    0.0
    0.0
    0.0
   24.0
    0.0
    0.0
    0.0
    0.0
    0.0
    0.0
    0.0
   42.6
    0.0
    0.0
    0.0
   49.8
   69.0
    0.0
    0.0
    0.0
    0.0
    0.0
    0.0
    0.0
    0.0
    0.0
    0.0
    0.0
    0.0
    0.0
    0.0
    0.0
    0.0
   43.2
    0.0
    0.0
    0.0
    0.0
    0.0
    0.0
    0.0
    0.0
   37.2
    0.0
    0.0
    0.0
    0.0
    0.0
    0.0
    0.0
    0.0
    0.0
    0.0
    0.0
    0.0
    0.0
    0.0
    0.0
    0.0
    0.0
    0.0
    0.0
    0.0
   76.8
    0.0
    0.0
    0.0
    0.0
    0.0
    0.0
    0.0
    0.0
    0.0
    0.0
    0.0
    0.0
    0.0
    0.0
    0.0
    0.0
    0.0
    0.0
    0.0
    0.0
    0.0
    0.0
    0.0
    0.0
    0.0
    0.0
    0.0
    0.0
    0.0
    0.0
    0.0
    0.0
    0.0
    0.0
    0.0
   46.8
    0.0
    0.0
    0.0
    0.0
    0.0
    0.0
    0.0
    0.0
   33.0
    0.0
    0.0
    0.0
    0.0
    0.0
    0.0
    0.0
    0.0
    0.0
    0.0
    0.0
    0.0
    0.0
    0.0
    0.0
    0.0
    0.0
    0.0
    0.0
    0.0
    0.0
    0.0
    0.0
    0.0
    0.0
    0.0
    0.0
    0.0
    0.0
    0.0
    0.0
    0.0
    0.0
    0.0
    0.0
    0.0
    0.0
    0.0
   58.8
    0.0
    0.0
    0.0
    0.0
    0.0
    0.0
    0.0
    0.0
    0.0
    0.0
    0.0
   39.0
    0.0
    0.0
    0.0
    0.0
    0.0
    0.0
    0.0
    0.0
    0.0
    0.0
  138.0
   59.4
    0.0
    0.0
    0.0
    0.0
   36.0
    0.0
    0.0
    0.0
    0.0
    0.0
    0.0
    0.0
    0.0
    0.0
    0.0
    0.0
    0.0
    0.0
    0.0
    0.0
    0.0
    0.0
    0.0
   52.2
    0.0
    0.0
    0.0
    0.0
    0.0
   48.6
    0.0
    0.0
    0.0
    0.0
    0.0
    0.0
    0.0
    0.0
    0.0
    0.0
    0.0
    0.0
    0.0
    0.0
    0.0
    0.0
   96.6
   42.0
    0.0
    0.0
    0.0
    0.0
    0.0
    0.0
    0.0
    0.0
   59.4
    0.0
    0.0
    0.0
    0.0
    0.0
    0.0
    0.0
    0.0
    0.0
    0.0
    0.0
    0.0
    0.0
    0.0
   75.0
    0.0
    0.0
    0.0
    0.0
    0.0
   58.8
   20.4
    0.0
   22.8
    0.0
    0.0
    0.0
    0.0
    0.0
   81.6
    0.0
    0.0
    0.0
    0.0
    0.0
    0.0
   18.0
   58.2
    0.0
   34.2
    0.0
    0.0
    0.0
    0.0
    0.0
    0.0
   66.6
    0.0
    0.0
   42.6
    0.0
    0.0
    0.0
    0.0
    0.0
    0.0
    0.0
    0.0
    0.0
    0.0
    0.0
   40.8
    0.0
    0.0
    0.0
    0.0
    0.0
    0.0
    0.0
   48.6
    0.0
    0.0
    0.0
   76.2
   71.4
    0.0
    0.0
    0.0
    0.0
    0.0
    0.0
    0.0
    0.0
    0.0
    0.0
    0.0
    0.0
    0.0
    0.0
    0.0
    0.0
    0.0
   60.6
   68.4
    0.0
    0.0
    0.0
   42.6
    0.0
    0.0
    0.0
    0.0
    0.0
    0.0
    0.0
    0.0
    0.0
    0.0
    0.0
    0.0
    0.0
    0.0
    0.0
    0.0
    0.0
    0.0
   78.6
    0.0
    0.0
    0.0
    0.0
    0.0
    0.0
   40.2
    0.0
    0.0
    0.0
    0.0
    0.0
    0.0
    0.0
    0.0
    0.0
    0.0
    0.0
    0.0
    0.0
    0.0
    0.0
   42.0
    0.0
    0.0
    0.0
    0.0
    0.0
   69.0
    0.0
    0.0
    0.0
    0.0
    0.0
    0.0
    0.0
    0.0
    0.0
    0.0
   37.2
   39.6
    0.0
    0.0
    0.0
    0.0
    0.0
    0.0
    0.0
    0.0
    0.0
  106.2
    0.0
   25.2
    0.0
    0.0
    0.0
    0.0
    0.0
    0.0
    0.0
    0.0
    0.0
    0.0
   36.6
    0.0
    0.0
   58.2
   28.2
    0.0
    0.0
   31.2
   27.0
    0.0
    0.0
    0.0
   52.2
    0.0
    0.0
    0.0
    0.0
    0.0
    0.0
    0.0
    0.0
    0.0
    0.0
    0.0
    0.0
    0.0
    0.0
    0.0
   37.2
    0.0
    0.0
   67.2
    0.0
    0.0
    0.0
    0.0
    0.0
   44.4
    0.0
   48.0
    0.0
    0.0
    0.0
    0.0
    0.0
    0.0
    0.0
    0.0
    0.0
   38.4
   70.2
    0.0
    0.0
   58.8
    0.0
   21.0
    0.0
    0.0
    0.0
    0.0
    0.0
    0.0
    0.0
   42.6
    0.0
   55.8
    0.0
    0.0
    0.0
    0.0
    0.0
    0.0
    0.0
    0.0
   54.0
   33.6
    0.0
    0.0
    0.0
   45.6
    0.0
    0.0
    0.0
    0.0
    0.0
    0.0
   34.8
    0.0
    0.0
    0.0
    0.0
    0.0
    0.0
    0.0
    0.0
    0.0
    0.0
   47.4
   82.8
    0.0
    0.0
    0.0
   16.8
    0.0
    0.0
    0.0
    0.0
   70.8
   54.6
   15.0
   64.8
    0.0
   31.2
    0.0
    0.0
    0.0
    0.0
    0.0
    0.0
    0.0
    0.0
    0.0
    0.0
    0.0
    0.0
   43.2
    0.0
   29.4
    0.0
   37.2
    0.0
    0.0
    0.0
    0.0
   57.0
   36.6
   19.2
   55.2
    0.0
    0.0
    0.0
    0.0
    0.0
    0.0
    0.0
    0.0
   45.0
   27.0
    0.0
    0.0
    0.0
    0.0
    0.0
    0.0
    0.0
    0.0
    0.0
   23.4
    0.0
   92.4
   53.4
    0.0
    0.0
    0.0
    0.0
    0.0
    0.0
    0.0
    0.0
    0.0
    0.0
    0.0
    0.0
    0.0
    0.0
    0.0
    0.0
    0.0
    0.0
    0.0
   47.4
   41.4
    0.0
    0.0
    0.0
    0.0
    0.0
    0.0
    0.0
    0.0
    0.0
    0.0
    0.0
    0.0
   66.0
    0.0
   43.8
   54.0
    0.0
    0.0
   27.6
    0.0
    0.0
    0.0
    0.0
   60.6
    0.0
   54.0
    0.0
    0.0
    0.0
    0.0
    0.0
    0.0
    0.0
    0.0
    0.0
   69.6
   72.0
  108.6
    0.0
    0.0
   49.8
   38.4
    0.0
   49.2
    0.0
    0.0
    0.0
    0.0
    0.0
   33.0
    0.0
    0.0
    0.0
    0.0
    0.0
    0.0
    0.0
    0.0
    0.0
    0.0
  130.2
   39.6
    0.0
    0.0
    0.0
   45.6
    0.0
    0.0
   52.2
    0.0
   57.6
    0.0
    0.0
    0.0
    0.0
    0.0
    0.0
    0.0
    0.0
    0.0
    0.0
    0.0
    0.0
   82.8
   49.8
  133.8
    0.0
    0.0
    0.0
    0.0
    0.0
    0.0
    0.0
   55.8
   46.2
    0.0
    0.0
    0.0
    0.0
    0.0
    0.0
    0.0
    0.0
    0.0
    0.0
    0.0
   41.4
  113.4
    0.0
    0.0
    0.0
    0.0
    0.0
   64.2
    0.0
    0.0
    0.0
    0.0
    0.0
    0.0
   70.2
    0.0
    0.0
    0.0
    0.0
    0.0
    0.0
    0.0
    0.0
    0.0
   52.8
   34.2
   45.0
    0.0
    0.0
    0.0
    0.0
    0.0
    0.0
    0.0
    0.0
    0.0
    0.0
    0.0
   50.4
    0.0
    0.0
    0.0
    0.0
    0.0
    0.0
    0.0
    0.0
    0.0
    0.0
    0.0
    0.0
    0.0
    0.0
   61.8
    0.0
    0.0
    0.0
    0.0
    0.0
    0.0
    0.0
    0.0
   73.2
    0.0
    0.0
    0.0
    0.0
    0.0
    0.0
    0.0
    0.0
    0.0
    0.0
   90.0
    0.0
   43.8
    0.0
    0.0
    0.0
    0.0
  100.2
    0.0
    0.0
    0.0
    0.0
   43.2
   63.6
   19.8
    0.0
    0.0
    0.0
    0.0
    0.0
    0.0
    0.0
    0.0
    0.0
   71.4
    0.0
   15.6
    0.0
    0.0
    0.0
   40.2
    0.0
    0.0
    0.0
    0.0
    0.0
    0.0
   37.8
    0.0
    0.0
    0.0
    0.0
    0.0
    0.0
    0.0
    0.0
    0.0
    0.0
    0.0
   46.2
    0.0
    0.0
    0.0
    0.0
    0.0
    0.0
    0.0
   80.4
    0.0
    0.0
    0.0
   33.6
   39.6
    0.0
    0.0
    0.0
    0.0
    0.0
    0.0
    0.0
    0.0
    0.0
   47.4
   61.2
    0.0
    0.0
   28.8
    0.0
    0.0
    0.0
    0.0
    0.0
    0.0
    0.0
    0.0
    0.0
    0.0
   49.2
   76.8
    0.0
    0.0
    0.0
    0.0
    0.0
    0.0
    0.0
   68.4
   30.6
    0.0
    0.0
    0.0
    0.0
    0.0
    0.0
    0.0
    0.0
    0.0
   28.2
    0.0
    0.0
    0.0
    0.0
    0.0
    0.0
    0.0
    0.0
    0.0
    0.0
    0.0
    0.0
    0.0
   40.2
    0.0
    0.0
    0.0
    0.0
    0.0
   37.8
    0.0
    0.0
   70.8
    0.0
    0.0
    0.0
    0.0
   52.8
    0.0
    0.0
    0.0
    0.0
    0.0
    0.0
    0.0
   38.4
   48.0
  131.4
   51.0
   61.8
   58.2
    0.0
    0.0
    0.0
    0.0
   60.6
    0.0
    0.0
    0.0
    0.0
   63.0
    0.0
    0.0
    0.0
    0.0
    0.0
    0.0
    0.0
    0.0
    0.0
   67.2
   37.8
    0.0
    0.0
   60.6
   45.0
    0.0
    0.0
    0.0
    0.0
   85.8
    0.0
    0.0
   54.6
    0.0
    0.0
    0.0
    0.0
    0.0
    0.0
    0.0
    0.0
    0.0
    0.0
    0.0
    0.0
  208.2
   39.6
    0.0
    0.0
   48.0
    0.0
    0.0
    0.0
    0.0
   60.0
    0.0
    0.0
    0.0
    0.0
    0.0
    0.0
    0.0
    0.0
    0.0
    0.0
    0.0
   58.2
   60.0
   53.4
    0.0
    0.0
    0.0
    0.0
    0.0
    0.0
    0.0
   67.8
    0.0
   39.6
    0.0
    0.0
   76.8
    0.0
    0.0
    0.0
    0.0
    0.0
    0.0
    0.0
    0.0
    0.0
   43.8
   64.2
    0.0
    0.0
    0.0
   69.0
    0.0
    0.0
    0.0
   41.4
    0.0
    0.0
   73.8
    0.0
    0.0
    0.0
    0.0
    0.0
    0.0
    0.0
    0.0
    0.0
    0.0
    0.0
    0.0
    0.0
    0.0
    0.0
    0.0
    0.0
    0.0
    0.0
    0.0
    0.0
    0.0
   29.4
   46.2
    0.0
    0.0
    0.0
    0.0
    0.0
    0.0
    0.0
    0.0
    0.0
    0.0
   46.8
    0.0
   52.2
   98.4
   27.0
    0.0
    0.0
    0.0
   51.6
   46.2
   88.8
    0.0
    0.0
   39.0
   69.0
    0.0
   84.0
    0.0
    0.0
    0.0
    0.0
    0.0
    0.0
    0.0
  100.8
    0.0
    0.0
   46.8
   73.2
   56.4
    0.0
    0.0
    0.0
    0.0
    0.0
    0.0
    0.0
    0.0
   46.8
   52.2
    0.0
   53.4
    0.0
    0.0
    0.0
    0.0
    0.0
    0.0
    0.0
   30.0
   37.8
   64.8
   61.2
    0.0
    0.0
    0.0
   45.6
    0.0
    0.0
    0.0
    0.0
   85.2
   63.0
    0.0
   49.2
    0.0
    0.0
    0.0
    0.0
    0.0
    0.0
    0.0
   52.8
    0.0
   48.0
    0.0
    0.0
    0.0
   24.6
    0.0
    0.0
    0.0
    0.0
    0.0
    0.0
    0.0
    0.0
    0.0
    0.0
    0.0
    0.0
    0.0
    0.0
    0.0
    0.0
    0.0
    0.0
    0.0
    0.0
    0.0
    0.0
    0.0
    0.0
    0.0
    0.0
    0.0
    0.0
    0.0
    0.0
   57.6
    0.0
    0.0
    0.0
    0.0
    0.0
   55.8
    0.0
    0.0
    0.0
    0.0
    0.0
   72.6
    0.0
    0.0
   55.2
    0.0
   62.4
    0.0
   21.0
    0.0
    0.0
    0.0
    0.0
    0.0
  107.4
   69.0
    0.0
    0.0
    0.0
    0.0
    0.0
    0.0
    0.0
    0.0
   60.6
   54.6
   57.0
    0.0
    0.0
   52.2
    0.0
    0.0
   55.2
    0.0
    0.0
    0.0
    0.0
   42.6
   44.4
   67.2
    0.0
  108.0
    0.0
    0.0
    0.0
    0.0
    0.0
    0.0
    0.0
   72.6
    0.0
    0.0
    0.0
    0.0
   69.6
    0.0
    0.0
    0.0
    0.0
    0.0
   34.8
    0.0
   62.4
   15.6
    0.0
    0.0
   49.2
    0.0
    0.0
    0.0
    0.0
    0.0
   68.4
   49.8
    0.0
    0.0
    0.0
    0.0
    0.0
    0.0
    0.0
    0.0
    0.0
   48.0
   57.0
   58.8
    0.0
    0.0
    0.0
    0.0
    0.0
    0.0
    0.0
    0.0
    0.0
    0.0
   91.2
   81.6
    0.0
    0.0
   46.8
   21.6
    0.0
    0.0
    0.0
    0.0
    0.0
    0.0
    0.0
    0.0
   49.2
   21.6
    0.0
    0.0
    0.0
    0.0
    0.0
    0.0
   54.6
    0.0
    0.0
    0.0
    0.0
    0.0
    0.0
    0.0
    0.0
    0.0
    0.0
   67.8
    0.0
   71.4
    0.0
    0.0
   30.6
    0.0
    0.0
    0.0
    0.0
    0.0
    0.0
    0.0
    0.0
    0.0
    0.0
   25.8
   44.4
    0.0
    0.0
    0.0
    0.0
    0.0
    0.0
    0.0
    0.0
    0.0
    0.0
    0.0
    0.0
   88.8
    0.0
   40.2
    0.0
    0.0
    0.0
    0.0
    0.0
    0.0
    0.0
   55.2
  155.4
    0.0
    0.0
   74.4
    0.0
   63.6
    0.0
    0.0
   96.0
    0.0
    0.0
   63.0
   43.2
    0.0
    0.0
   61.2
    0.0
    0.0
    0.0
    0.0
    0.0
   54.6
   34.2
    0.0
   65.4
    0.0
    0.0
   30.6
    0.0
    0.0
   27.6
   63.6
    0.0
    0.0
    0.0
    0.0
   63.6
    0.0
    0.0
    0.0
    0.0
    0.0
    0.0
    0.0
    0.0
    0.0
    0.0
   56.4
    0.0
    0.0
    0.0
    0.0
    0.0
    0.0
    0.0
   61.2
    0.0
   30.0
    0.0
   52.8
   55.2
   52.2
    0.0
    0.0
    0.0
    0.0
    0.0
    0.0
    0.0
    0.0
    0.0
   69.0
    0.0
   44.4
    0.0
    0.0
    0.0
    0.0
    0.0
    0.0
    0.0
    0.0
    0.0
    0.0
    0.0
    0.0
    0.0
    0.0
    0.0
    0.0
    0.0
    0.0
    0.0
    0.0
   67.2
    0.0
    0.0
   24.0
    0.0
   45.6
   38.4
    0.0
    0.0
    0.0
    0.0
    0.0
    0.0
   33.0
   97.2
    0.0
    0.0
   43.8
    0.0
    0.0
    0.0
    0.0
    0.0
    0.0
   95.4
   73.2
   31.8
   64.2
   62.4
   31.2
    0.0
    0.0
    0.0
    0.0
    0.0
    0.0
    0.0
    0.0
    0.0
    0.0
    0.0
    0.0
    0.0
    0.0
    0.0
    0.0
    0.0
    0.0
    0.0
    0.0
    0.0
   72.0
    0.0
    0.0
    0.0
    0.0
   19.8
   64.2
    0.0
    0.0
    0.0
    0.0
    0.0
    0.0
    0.0
    0.0
    0.0
    0.0
    0.0
    0.0
    0.0
    0.0
    0.0
    0.0
   26.4
   73.8
    0.0
   65.4
    0.0
   39.6
    0.0
    0.0
    0.0
    0.0
    0.0
   64.8
   43.8
   43.8
   30.0
    0.0
    0.0
    0.0
    0.0
    0.0
    0.0
    0.0
   69.0
    0.0
   83.4
   37.2
    0.0
    0.0
   65.4
    0.0
    0.0
   49.2
    0.0
    0.0
   37.8
   75.6
    0.0
    0.0
    0.0
    0.0
    0.0
    0.0
    0.0
    0.0
    0.0
    0.0
  136.8
   27.6
    0.0
    0.0
    0.0
    0.0
    0.0
    0.0
   57.6
   34.2
    0.0
    0.0
    0.0
    0.0
    0.0
    0.0
    0.0
   55.8
    0.0
    0.0
    0.0
    0.0
    0.0
    0.0
    0.0
   48.0
    0.0
  119.4
   49.2
    0.0
   58.8
   51.0
    0.0
   24.6
    0.0
    0.0
   42.0
    0.0
    0.0
    0.0
    0.0
   57.6
   66.0
    0.0
    0.0
    0.0
    0.0
    0.0
    0.0
    0.0
  109.8
   58.2
   59.4
  176.4
    0.0
    0.0
    0.0
    0.0
    0.0
    0.0
   66.0
    0.0
    0.0
    0.0
    0.0
    0.0
    0.0
    0.0
    0.0
   45.0
    0.0
    0.0
   25.8
    0.0
   61.2
   45.6
    0.0
    0.0
    0.0
    0.0
    0.0
    0.0
    0.0
    0.0
    0.0
    0.0
    0.0
   28.2
    0.0
    0.0
    0.0
    0.0
    0.0
    0.0
    0.0
    0.0
   44.4
   36.0
   86.4
    0.0
    0.0
    0.0
    0.0
    0.0
    0.0
    0.0
    0.0
    0.0
    0.0
   34.8
    0.0
   37.8
   34.8
    0.0
    0.0
    0.0
    0.0
    0.0
    0.0
    0.0
    0.0
    0.0
   14.4
    0.0
    0.0
    0.0
   17.4
    0.0
    0.0
    0.0
    0.0
    0.0
    0.0
    0.0
   57.6
   36.6
    0.0
    0.0
    0.0
    0.0
    0.0
    0.0
    0.0
    0.0
    0.0
   54.0
    0.0
   45.0
    0.0
   61.8
    0.0
   44.4
    0.0
    0.0
    0.0
   76.8
    0.0
    0.0
    0.0
   73.8
    0.0
    0.0
    0.0
    0.0
    0.0
    0.0
    0.0
    0.0
    0.0
   58.2
   56.4
    0.0
    0.0
    0.0
    0.0
    0.0
    0.0
    0.0
   40.2
    0.0
    0.0
    0.0
   42.0
    0.0
    0.0
    0.0
    0.0
    0.0
    0.0
    0.0
    0.0
    0.0
  120.0
   68.4
    0.0
    0.0
    0.0
    0.0
    0.0
    0.0
    0.0
    0.0
    0.0
    0.0
    0.0
   58.2
   40.8
    0.0
    0.0
    0.0
    0.0
    0.0
    0.0
    0.0
    0.0
    0.0
    0.0
   57.6
    0.0
    0.0
    0.0
    0.0
    0.0
    0.0
    0.0
  142.8
    0.0
    0.0
    0.0
    0.0
    0.0
   70.8
   36.0
    0.0
    0.0
    0.0
    0.0
    0.0
    0.0
    0.0
    0.0
   75.6
    0.0
   49.2
   48.6
   79.8
    0.0
    0.0
    0.0
    0.0
    0.0
    0.0
   42.0
    0.0
    0.0
   48.0
    0.0
    0.0
    0.0
    0.0
    0.0
    0.0
    0.0
    0.0
    0.0
   58.8
    0.0
    0.0
    0.0
   87.0
   64.2
    0.0
    0.0
    0.0
   57.0
    0.0
   30.6
    0.0
    0.0
    0.0
    0.0
   35.4
    0.0
    0.0
    0.0
    0.0
    0.0
    0.0
    0.0
    0.0
   63.0
    0.0
    0.0
    0.0
    0.0
    0.0
    0.0
    0.0
    0.0
    0.0
   33.0
    0.0
   27.6
   50.4
    0.0
    0.0
    0.0
    0.0
    0.0
    0.0
    0.0
    0.0
    0.0
   42.0
   40.2
   20.4
    0.0
   53.4
    0.0
    0.0
    0.0
    0.0
    0.0
    0.0
    0.0
    0.0
   37.8
   34.2
    0.0
   36.6
    0.0
    0.0
    0.0
    0.0
    0.0
    0.0
    0.0
    0.0
   26.4
    0.0
    0.0
   37.2
    0.0
   24.0
  107.4
    0.0
    0.0
    0.0
    0.0
    0.0
    0.0
    0.0
    0.0
    0.0
    0.0
    0.0
    0.0
    0.0
    0.0
    0.0
    0.0
  115.8
   48.0
    0.0
    0.0
    0.0
    0.0
    0.0
    0.0
    0.0
    0.0
   41.4
   37.2
    0.0
   42.0
    0.0
    0.0
    0.0
    0.0
    0.0
    0.0
    0.0
    0.0
    0.0
    0.0
    0.0
   82.8
   66.6
    0.0
    0.0
    0.0
    0.0
    0.0
   82.8
   38.4
    0.0
    0.0
   76.2
    0.0
  103.8
    0.0
    0.0
    0.0
    0.0
    0.0
   44.4
    0.0
    0.0
    0.0
    0.0
   27.6
   45.0
   50.4
    0.0
    0.0
   64.8
    0.0
    0.0
    0.0
    0.0
   90.6
   84.6
  169.8
   57.0
   45.0
    0.0
    0.0
    0.0
    0.0
    0.0
    0.0
    0.0
   46.2
    0.0
   60.0
    0.0
    0.0
    0.0
    0.0
   94.2
    0.0
    0.0
    0.0
    0.0
    0.0
   25.2
  138.0
   39.0
    0.0
    0.0
    0.0
    0.0
    0.0
    0.0
    0.0
    0.0
    0.0
   97.2
  205.8
    0.0
    0.0
  100.2
   54.0
    0.0
    0.0
    0.0
   76.2
   23.4
   33.6
    0.0
   99.6
    0.0
    0.0
    0.0
    0.0
    0.0
    0.0
    0.0
    0.0
    0.0
    0.0
    0.0
    0.0
    0.0
    0.0
   30.6
    0.0
   83.4
    0.0
    0.0
    0.0
    0.0
    0.0
    0.0
   51.6
    0.0
  141.6
    0.0
    0.0
    0.0
    0.0
    0.0
    0.0
   51.6
    0.0
    0.0
    0.0
    0.0
    0.0
    0.0
    0.0
    0.0
    0.0
    0.0
    0.0
    0.0
    0.0
   40.8
    0.0
    0.0
    0.0
    0.0
    0.0
    0.0
    0.0
    0.0
    0.0
    0.0
    0.0
    0.0
    0.0
    0.0
   51.0
    0.0
    0.0
    0.0
    0.0
    0.0
    0.0
    0.0
    0.0
   45.6
    0.0
    0.0
    0.0
    0.0
    0.0
    0.0
    0.0
    0.0
    0.0
    0.0
    0.0
   31.2
    0.0
    0.0
   27.0
   49.2
    0.0
   71.4
   38.4
    0.0
   44.4
    0.0
   46.2
   38.4
    0.0
   51.6
    0.0
    0.0
    0.0
    0.0
    0.0
    0.0
    0.0
    0.0
    0.0
  195.0
    0.0
   55.8
    0.0
   58.2
    0.0
    0.0
    0.0
    0.0
    0.0
    0.0
   23.4
   39.0
   25.2
   50.4
    0.0
    0.0
    0.0
    0.0
    0.0
    0.0
    0.0
   55.2
    0.0
    0.0
    0.0
   42.6
    0.0
    0.0
    0.0
    0.0
    0.0
    0.0
    0.0
    0.0
   60.6
    0.0
   33.0
    0.0
    0.0
    0.0
    0.0
    0.0
    0.0
    0.0
    0.0
    0.0
    0.0
    0.0
   51.0
    0.0
    0.0
    0.0
    0.0
    0.0
    0.0
    0.0
    0.0
    0.0
   42.0
    0.0
    0.0
    0.0
    0.0
    0.0
    0.0
    0.0
    0.0
    0.0
    0.0
    0.0
   40.8
   45.0
    0.0
    0.0
   13.2
    0.0
   35.4
    0.0
    0.0
    0.0
    0.0
    0.0
    0.0
   45.0
    0.0
    0.0
   54.0
    0.0
    0.0
    0.0
    0.0
    0.0
    0.0
    0.0
    0.0
   39.6
    0.0
    0.0
   74.4
    0.0
    0.0
    0.0
    0.0
    0.0
    0.0
    0.0
    0.0
    0.0
    8.4
    0.0
    0.0
    0.0
    0.0
    0.0
    0.0
    0.0
    0.0
    0.0
   50.4
    0.0
    0.0
    0.0
    0.0
    0.0
    0.0
    0.0
   69.0
    0.0
    0.0
   72.6
   36.0
   68.4
   59.4
    0.0
    0.0
    0.0
    0.0
    0.0
    0.0
    0.0
    0.0
   67.8
  106.8
  162.6
    0.0
    0.0
    0.0
    0.0
   54.0
    0.0
    0.0
    0.0
    0.0
    0.0
   56.4
   72.6
    0.0
    0.0
    0.0
    0.0
    0.0
    0.0
    0.0
    0.0
    0.0
    0.0
   44.4
    0.0
    0.0
    0.0
   77.4
    0.0
   62.4
    0.0
    0.0
    0.0
   31.8
    0.0
    0.0
    0.0
   24.0
   43.2
    0.0
    0.0
    0.0
    0.0
    0.0
    0.0
    0.0
    0.0
   30.0
   97.8
   60.0
    0.0
    0.0
    0.0
  100.2
    0.0
    0.0
    0.0
    0.0
    0.0
    0.0
   22.2
    0.0
    0.0
    0.0
    0.0
    0.0
    0.0
    0.0
    0.0
    0.0
    0.0
    0.0
    0.0
    0.0
   50.4
    0.0
    0.0
    0.0
    0.0
   68.4
    0.0
    0.0
    0.0
    0.0
    0.0
    0.0
    0.0
    0.0
    0.0
    0.0
    0.0
    0.0
    0.0
    0.0
    0.0
    0.0
   74.4
   64.8
    0.0
    0.0
    0.0
  106.8
   60.0
    0.0
    0.0
    0.0
    0.0
    0.0
   36.0
    0.0
    0.0
    0.0
    0.0
    0.0
    0.0
    0.0
    0.0
    0.0
    0.0
    0.0
    0.0
  153.6
    0.0
    0.0
    0.0
    0.0
   55.8
    0.0
    0.0
    0.0
    0.0
    0.0
    0.0
    0.0
    0.0
    0.0
    0.0
   36.6
    0.0
    0.0
    0.0
    0.0
   32.4
   52.2
   58.8
   35.4
    0.0
   63.0
   40.8
    0.0
    0.0
    0.0
    0.0
   55.2
    0.0
   59.4
    0.0
    0.0
    0.0
    0.0
    0.0
    0.0
    0.0
    0.0
    0.0
    0.0
    0.0
   48.6
   40.2
    0.0
    0.0
    0.0
   37.2
    0.0
    0.0
    0.0
   54.0
    0.0
    0.0
    0.0
   60.0
    0.0
    0.0
   46.8
    0.0
    0.0
    0.0
    0.0
    0.0
    0.0
  114.6
   52.2
    0.0
    0.0
    0.0
    0.0
    0.0
    0.0
    0.0
    0.0
    0.0
    0.0
    0.0
   54.6
   47.4
   44.4
    0.0
    0.0
    0.0
    0.0
    0.0
    0.0
    0.0
    0.0
   31.2
   28.2
   28.2
    0.0
    0.0
    0.0
   50.4
    0.0
    0.0
    0.0
    0.0
    0.0
   57.6
    0.0
    0.0
    0.0
    0.0
   81.6
    0.0
    0.0
    0.0
    0.0
    0.0
    0.0
    0.0
    0.0
    0.0
    0.0
    0.0
    0.0
    0.0
   58.2
    0.0
    0.0
   49.8
    0.0
   82.2
    0.0
    0.0
   28.2
    0.0
    0.0
    0.0
    0.0
    0.0
    0.0
    0.0
    0.0
    0.0
   85.2
   55.2
    0.0
   28.2
    0.0
   29.4
   31.8
    0.0
   74.4
    0.0
    0.0
    0.0
   43.2
    0.0
  103.2
    0.0
    0.0
    0.0
    0.0
    0.0
    0.0
    0.0
    0.0
    0.0
  130.8
    0.0
   66.0
    0.0
    0.0
    0.0
    0.0
    0.0
    0.0
    0.0
    0.0
    0.0
    0.0
    0.0
   71.4
   39.0
    0.0
    0.0
    0.0
    0.0
    0.0
    0.0
    0.0
    0.0
    0.0
   45.6
    0.0
   77.4
    0.0
    0.0
    0.0
    0.0
    0.0
   66.6
  133.8
    0.0
    0.0
  163.2
    0.0
    0.0
    0.0
    0.0
    0.0
    0.0
    0.0
    0.0
    0.0
    0.0
    0.0
   33.0
   44.4
    0.0
    0.0
    0.0
   28.2
    0.0
    0.0
   42.0
   57.0
   49.2
    0.0
    0.0
   40.8
   39.0
    0.0
    0.0
    0.0
    0.0
    0.0
    0.0
    0.0
   37.8
   42.0
   46.8
    0.0
    0.0
    0.0
    0.0
    0.0
    0.0
    0.0
    0.0
    0.0
   53.4
    0.0
    0.0
    0.0
    0.0
    0.0
    0.0
    0.0
    0.0
    0.0
    0.0
    0.0
    0.0
   36.0
   47.4
    0.0
    0.0
   47.4
   27.0
    0.0
    0.0
    0.0
    0.0
   99.6
   31.2
    0.0
  113.4
    0.0
    0.0
    0.0
    0.0
    0.0
    0.0
    0.0
    0.0
    0.0
    0.0
   21.0
    0.0
    0.0
    0.0
    0.0
   47.4
    0.0
   93.0
   42.0
    0.0
    0.0
    0.0
   67.8
    0.0
   76.8
    0.0
    0.0
    0.0
    0.0
    0.0
    0.0
    0.0
    0.0
    0.0
    0.0
    0.0
    0.0
    0.0
    0.0
    0.0
    0.0
    0.0
    0.0
    0.0
    0.0
    0.0
   73.8
    0.0
    0.0
    0.0
   33.0
    0.0
    0.0
    0.0
    0.0
    0.0
    0.0
    0.0
    0.0
   43.8
   67.2
    0.0
    0.0
    0.0
    0.0
    0.0
   61.8
    0.0
    0.0
    0.0
   37.8
   67.2
    0.0
    0.0
   64.2
    0.0
    0.0
    0.0
    0.0
    0.0
    0.0
    0.0
   97.2
    0.0
    0.0
   18.6
    0.0
   69.6
    0.0
    0.0
    0.0
    0.0
    0.0
    0.0
    0.0
   59.4
   57.6
    0.0
    0.0
    0.0
    0.0
    0.0
    0.0
    0.0
    0.0
   36.6
   22.8
  184.2
    0.0
    0.0
    0.0
    0.0
    0.0
    0.0
    0.0
    0.0
    0.0
    0.0
    0.0
   49.8
  137.4
    0.0
    0.0
    0.0
    0.0
    0.0
    0.0
    0.0
    0.0
    0.0
    0.0
   39.0
    0.0
    0.0
    0.0
    0.0
    0.0
    0.0
   27.6
   54.6
    0.0
    0.0
  192.6
    0.0
    0.0
    0.0
    0.0
    0.0
    0.0
    0.0
    0.0
    0.0
    0.0
    0.0
   35.4
  147.0
    0.0
   40.8
    0.0
    0.0
    0.0
    0.0
    0.0
    0.0
    0.0
    0.0
    0.0
    0.0
   56.4
    0.0
    0.0
    0.0
    0.0
    0.0
    0.0
    0.0
    0.0
    0.0
   64.2
    0.0
   81.6
    0.0
    0.0
    0.0
    0.0
    0.0
    0.0
    0.0
    0.0
    0.0
   63.0
    0.0
   39.6
    0.0
   58.8
    0.0
    0.0
    0.0
    0.0
    0.0
    0.0
   54.0
    0.0
   28.8
    0.0
   78.6
    0.0
    0.0
   50.4
    0.0
    0.0
    0.0
    0.0
  129.6
    0.0
    0.0
    0.0
    0.0
   43.2
    0.0
    0.0
    0.0
    0.0
    0.0
    0.0
    0.0
   51.6
    0.0
    0.0
    0.0
    0.0
    0.0
    0.0
    0.0
    0.0
    0.0
    0.0
    0.0
    0.0
    0.0
    0.0
   61.2
    0.0
    0.0
    0.0
    0.0
    0.0
    0.0
    0.0
   40.2
   52.2
   43.2
    0.0
    0.0
    0.0
    0.0
    0.0
   45.6
    0.0
    0.0
    0.0
    0.0
   22.2
    0.0
    0.0
    0.0
    0.0
    0.0
    0.0
    0.0
    0.0
    0.0
    0.0
    0.0
    0.0
  304.8
    0.0
    0.0
    0.0
   33.0
    0.0
   35.4
    0.0
   67.8
    0.0
   75.0
    0.0
   79.8
    0.0
    0.0
    0.0
    0.0
    0.0
    0.0
    0.0
    0.0
    0.0
    0.0
    0.0
    0.0
   76.2
    0.0
    0.0
    0.0
    0.0
    0.0
    0.0
    0.0
    0.0
    0.0
  116.4
    0.0
    0.0
   71.4
    0.0
    0.0
    0.0
    0.0
    0.0
    0.0
    0.0
    0.0
    0.0
   42.6
  120.6
   79.2
    0.0
    0.0
    0.0
    0.0
    0.0
   51.0
    0.0
   64.2
    0.0
    0.0
   33.6
    0.0
   40.8
    0.0
    0.0
    0.0
    0.0
    0.0
    0.0
    0.0
  124.2
   67.8
   48.6
   61.8
    0.0
    0.0
    0.0
    0.0
    0.0
    0.0
    0.0
    0.0
    0.0
    0.0
    0.0
    0.0
   52.8
    0.0
    0.0
    0.0
    0.0
    0.0
    0.0
    0.0
   35.4
   95.4
    0.0
    0.0
   28.8
    0.0
    0.0
   66.0
    0.0
    0.0
   48.0
    0.0
    0.0
    0.0
   65.4
    0.0
    0.0
    0.0
    0.0
    0.0
    0.0
    0.0
    0.0
   85.8
   61.8
  142.8
    0.0
   89.4
    0.0
    0.0
    0.0
    0.0
    0.0
    0.0
    0.0
   49.2
   57.0
   93.0
    0.0
    0.0
   26.4
    0.0
    0.0
    0.0
    0.0
    0.0
    0.0
    0.0
   63.6
   27.0
   42.6
    0.0
  136.8
    0.0
   58.8
    0.0
    0.0
    0.0
    0.0
    0.0
    0.0
  219.6
    0.0
   52.8
    0.0
    0.0
    0.0
    0.0
    0.0
    0.0
    0.0
    0.0
    0.0
   48.6
    0.0
   46.8
  129.0
   92.4
    0.0
    0.0
   46.2
    0.0
    0.0
    0.0
   77.4
  220.8
   49.8
    0.0
   69.0
    0.0
    0.0
    0.0
    0.0
    0.0
    0.0
    0.0
    0.0
    0.0
   84.6
  129.6
    0.0
    0.0
   40.8
    0.0
    0.0
    0.0
    0.0
    0.0
   54.6
    0.0
   40.2
    0.0
    0.0
    0.0
    0.0
    0.0
    0.0
    0.0
    0.0
    0.0
   59.4
    0.0
    0.0
    0.0
   38.4
   36.6
    0.0
   19.2
    0.0
    0.0
  133.2
    0.0
    0.0
    0.0
   33.0
  117.0
    0.0
    0.0
    0.0
    0.0
    0.0
    0.0
    0.0
    0.0
   40.2
    0.0
   60.0
   24.6
    0.0
    0.0
    0.0
    0.0
    0.0
    0.0
    0.0
    0.0
    0.0
    0.0
    0.0
   33.6
    0.0
    0.0
    0.0
    0.0
    0.0
    0.0
    0.0
  102.6
   73.2
    0.0
    0.0
    0.0
    0.0
    0.0
   47.4
    0.0
   56.4
    0.0
    0.0
    0.0
    0.0
    0.0
    0.0
    0.0
    0.0
    0.0
    0.0
    0.0
    0.0
    0.0
    0.0
  130.8
    0.0
   32.4
    0.0
    0.0
    0.0
    0.0
    0.0
    0.0
    0.0
    0.0
    0.0
    0.0
    0.0
    0.0
   52.8
    0.0
   95.4
    0.0
    0.0
    0.0
    0.0
    0.0
    0.0
   58.2
  117.6
  150.6
    0.0
    0.0
    0.0
    0.0
   64.2
   48.0
    0.0
    0.0
    0.0
    0.0
   52.2
    0.0
   53.4
    0.0
    0.0
   45.0
    0.0
    0.0
    0.0
    0.0
    0.0
    0.0
    0.0
   40.8
   73.8
    0.0
   37.8
    0.0
   45.6
    0.0
   38.4
   91.2
    0.0
   54.6
   44.4
  171.0
    0.0
   47.4
    0.0
    0.0
    0.0
    0.0
   57.6
    0.0
    0.0
   53.4
    0.0
   41.4
  109.2
    0.0
   96.0
    0.0
    0.0
   27.6
    0.0
    0.0
    0.0
    0.0
    0.0
   63.0
    0.0
   25.8
    0.0
    0.0
    0.0
    0.0
    0.0
    0.0
    0.0
    0.0
    0.0
    0.0
   57.0
   42.6
    0.0
   31.2
    0.0
    0.0
    0.0
    0.0
    0.0
   91.2
    0.0
   42.0
    0.0
    0.0
    0.0
    0.0
    0.0
    0.0
    0.0
    0.0
    0.0
   54.6
   84.6
   54.0
    0.0
    0.0
    0.0
    0.0
    0.0
    0.0
    0.0
    0.0
    0.0
    0.0
   51.6
  145.2
   38.4
    0.0
    0.0
    0.0
    0.0
    0.0
    0.0
    0.0
    0.0
   54.0
    0.0
    0.0
   47.4
    0.0
    0.0
    0.0
    0.0
    0.0
    0.0
    0.0
    0.0
   32.4
   31.8
    0.0
    7.8
    0.0
   43.2
    0.0
    0.0
    0.0
    0.0
    0.0
    0.0
   80.4
   29.4
   54.6
    0.0
    0.0
    0.0
    0.0
  127.8
   43.2
    0.0
    0.0
    0.0
    0.0
   30.6
   31.8
    0.0
    0.0
    0.0
    0.0
    0.0
    0.0
    0.0
    0.0
    0.0
    0.0
    0.0
    0.0
   79.8
   33.6
    0.0
    0.0
    0.0
   40.8
    0.0
   28.8
    0.0
    0.0
   81.0
   51.0
    0.0
   86.4
   52.2
    0.0
    0.0
    0.0
    0.0
    0.0
    0.0
    0.0
   42.6
   55.8
    0.0
   39.6
    0.0
   67.8
    0.0
    0.0
    0.0
    0.0
    0.0
  112.8
   45.6
    0.0
   58.2
    0.0
    0.0
    0.0
    0.0
    0.0
    0.0
    0.0
    0.0
    0.0
  111.0
   36.0
    0.0
    0.0
   57.0
    0.0
   39.0
   31.8
    0.0
    0.0
    0.0
   39.0
   17.4
   67.8
    0.0
    0.0
    0.0
    0.0
    0.0
    0.0
    0.0
    0.0
    0.0
    0.0
  113.4
    0.0
   59.4
    0.0
    0.0
    0.0
    0.0
   35.4
    0.0
    0.0
   64.8
    0.0
   57.0
   49.8
    0.0
   37.8
    0.0
    0.0
