1
2
3
4
5
6
7
8
9
10
12
13
14
15
16
17
18
19
20
21
22
23
24
25
26
28
29
30
31
32
33
34
35
36
37
38
39
41
42
43
44
45
46
47
48
49
50
51
52
53
54
55
56
57
59
63
64
69
70
71
72
73
74
75
77
78
79
80
81
82
83
84
85
86
87
88
89
90
91
92
93
95
96
97
98
99
101
102
103
104
105
106
107
108
109
110
111
112
113
114
115
116
117
118
119
120
121
122
123
124
125
126
127
128
129
130
131
132
133
134
135
136
137
139
140
141
142
143
144
145
146
147
148
149
150
151
152
153
154
155
156
157
158
159
160
161
162
167
169
170
171
172
173
174
175
176
177
178
179
180
181
182
183
184
185
186
187
188
190
191
192
193
194
195
196
197
198
199
200
201
202
203
204
205
206
207
208
209
210
211
212
213
214
215
216
217
218
219
220
221
222
223
224
225
226
227
228
229
230
231
232
233
234
235
236
237
239
240
241
243
244
245
246
247
248
249
250
251
252
253
254
256
257
258
259
260
261
262
263
264
265
266
267
272
273
274
275
276
277
278
279
280
281
282
283
284
286
287
288
289
290
291
292
293
294
295
296
297
298
299
300
301
302
303
304
305
306
307
308
309
310
311
312
313
314
315
316
317
318
319
320
321
322
323
324
325
326
327
328
329
330
331
332
333
334
335
336
337
338
339
340
341
343
344
345
347
348
349
350
351
352
353
354
355
356
357
358
359
360
361
362
363
364
365
366
367
368
369
370
371
372
373
374
375
376
377
378
379
380
381
382
384
385
386
387
388
389
390
391
392
393
394
395
396
397
398
399
400
401
402
403
404
405
406
407
409
410
411
412
413
414
415
416
417
419
420
421
422
423
424
425
426
427
428
429
430
434
435
439
440
442
443
444
446
447
449
450
451
452
453
459
465
466
467
468
469
470
471
472
473
474
475
476
477
478
479
480
481
482
483
484
485
487
488
489
490
491
492
493
494
495
496
497
498
499
500
501
502
503
504
505
506
507
508
509
510
511
512
513
514
515
516
517
518
519
520
521
522
523
525
526
527
528
529
530
531
533
534
535
536
537
538
539
540
541
542
543
544
545
546
547
548
549
550
551
552
553
554
555
556
557
558
559
560
561
562
563
564
565
566
567
568
569
570
571
572
573
574
575
576
577
578
579
580
581
582
583
584
585
586
587
588
589
590
591
592
593
594
595
596
597
598
599
600
601
602
604
605
607
608
609
610
611
612
613
614
615
616
617
618
619
620
621
622
623
624
625
626
627
628
629
630
632
633
641
642
644
645
646
647
649
654
655
656
657
658
659
660
661
662
663
664
665
666
667
668
669
670
671
672
673
674
675
676
677
678
679
680
681
682
683
686
687
688
689
690
691
692
693
694
695
696
697
698
699
700
701
702
703
704
705
706
707
708
709
710
711
712
713
714
715
716
717
718
720
721
722
723
724
725
726
727
728
729
730
731
732
733
734
736
737
738
739
740
742
743
744
745
746
747
748
749
750
751
752
753
754
755
756
757
758
759
760
761
763
764
765
766
767
768
769
770
771
772
773
774
775
777
778
779
780
782
783
784
785
786
787
788
790
791
792
793
794
795
796
797
798
799
800
801
802
803
804
805
806
807
809
810
811
812
813
814
815
816
817
818
819
820
821
822
823
824
826
827
828
829
830
831
832
833
834
835
836
838
840
841
842
843
844
845
846
847
848
849
850
852
853
854
855
856
857
858
859
860
861
862
863
864
865
866
867
868
869
870
871
872
873
874
875
876
878
879
880
881
882
883
884
885
886
887
889
891
893
898
901
902
903
905
906
907
908
909
910
911
912
913
914
915
916
917
918
919
920
921
922
923
924
925
926
928
929
930
931
932
933
935
936
937
938
939
940
941
942
943
944
946
947
948
949
951
952
953
955
956
957
958
959
960
961
962
963
965
966
968
969
970
971
974
976
977
979
980
982
985
986
987
991
992
994
998
1000
1003
1005
1006
1007
1008
1009
1010
1011
1012
1014
1016
1017
1018
1019
1020
1021
1022
1026
1028
1029
1030
1031
1032
1033
1034
1035
1039
1041
1046
1048
1049
1050
1052
1053
1056
1057
1059
1063
1064
1067
1068
1072
1073
1074
1075
1077
1086
1088
1090
1091
1096
1098
1106
1108
1109
1111
1112
1114
1115
1116
1120
1121
1122
1123
1124
1125
1126
1127
1130
1132
1133
1136
1137
1139
1140
1141
1146
1147
1153
1154
1155
1156
1157
1158
1159
1160
1162
1163
1164
1165
1166
1167
1168
1169
1172
1173
1174
1175
1178
1181
1182
1183
1185
1188
1189
1190
1191
1192
1193
1195
1196
1197
1198
1201
1205
1207
1208
1209
1210
1212
1213
1214
1216
1218
1219
1221
1222
1223
1226
1227
1229
1230
1232
1233
1234
1235
1236
1238
1242
1245
1255
1258
1265
1266
1267
1269
1270
1273
1274
1279
1282
1285
1286
1288
1289
1290
1292
1293
1296
1298
1300
1301
1305
1306
1307
1308
1310
1314
1325
1326
1335
1347
1348
1349
1350
1351
1354
1355
1356
1357
1358
1359
1360
1361
1362
1364
1371
1373
1375
1379
1380
1381
1382
1383
1385
1386
1388
1389
1394
1397
1400
1403
1409
1410
1411
1412
1414
1415
1416
1418
1421
1423
1427
1428
1434
1436
1449
1450
1451
1452
1455
1456
1457
1458
1459
1466
1467
1468
1469
1472
1474
1475
1477
1479
1481
1483
1488
1490
1492
1496
1497
1498
1505
1506
1507
1511
1516
1518
1522
1531
1532
1536
1537
1539
1541
1543
1546
1547
1548
1549
1550
1552
1553
1554
1555
1556
1557
1558
1559
1560
1561
1562
1563
1570
1571
1572
1573
1574
1575
1576
1577
1578
1579
1580
1581
1582
1583
1584
1586
1587
1588
1589
1590
1591
1592
1593
1594
1595
1596
1597
1598
1599
1600
1601
1602
1603
1604
1605
1606
1607
1608
1609
1610
1611
1612
1613
1615
1616
1617
1618
1620
1621
1622
1623
1624
1625
1627
1631
1632
1633
1634
1635
1636
1637
1638
1640
1641
1642
1643
1644
1645
1646
1647
1648
1649
1650
1651
1652
1654
1655
1656
1658
1660
1661
1662
1663
1664
1665
1668
1669
1670
1671
1672
1673
1674
1681
1682
1683
1684
1685
1686
1687
1688
1689
1690
1693
1694
1695
1697
1698
1699
1700
1701
1702
1705
1706
1709
1710
1712
1713
1714
1715
1716
1717
1719
1723
1724
1725
1726
1727
1730
1733
1734
1735
1736
1737
1738
1739
1741
1742
1743
1744
1745
1746
1748
1749
1750
1751
1752
1753
1754
1755
1757
1758
1760
1761
1762
1763
1764
1765
1766
1767
1768
1769
1770
1771
1772
1773
1774
1775
1776
1777
1778
1779
1780
1781
1782
1783
1784
1785
1786
1787
1788
1789
1790
1791
1792
1793
1795
1796
1799
1800
1801
1807
1808
1810
1811
1812
1813
1814
1815
1816
1817
1818
1821
1822
1823
1824
1825
1826
1827
1828
1829
1830
1831
1832
1833
1835
1836
1837
1838
1839
1841
1842
1843
1844
1845
1847
1848
1849
1850
1851
1852
1853
1854
1855
1856
1857
1858
1859
1860
1861
1862
1863
1864
1865
1866
1867
1868
1871
1872
1873
1874
1875
1876
1877
1878
1879
1880
1881
1882
1883
1884
1885
1886
1887
1888
1889
1890
1891
1892
1893
1894
1895
1896
1897
1898
1899
1900
1901
1902
1903
1904
1905
1906
1908
1909
1910
1911
1913
1914
1915
1917
1918
1920
1924
1925
1927
1928
1929
1930
1932
1933
1934
1935
1936
1937
1938
1939
1940
1941
1942
1943
1944
1947
1948
1950
1951
1952
1958
1962
1964
1966
1969
1975
1976
1977
1978
1979
1980
1983
1984
1985
1986
1988
1989
1990
1991
1992
1993
1994
1995
1996
1997
1998
1999
2000
2001
2002
2003
2004
2005
2006
2007
2011
2012
2013
2015
2018
2019
2020
2021
2022
2023
2025
2026
2027
2028
2029
2031
2032
2033
2034
2035
2036
2037
2038
2039
2040
2041
2042
2044
2045
2046
2047
2048
2049
2050
2051
2053
2058
2059
2060
2061
2064
2065
2066
2067
2068
2069
2070
2072
2074
2075
2076
2077
2078
2079
2080
2081
2082
2083
2084
2085
2086
2087
2088
2089
2090
2091
2092
2093
2094
2095
2096
2097
2098
2099
2100
2101
2103
2104
2105
2106
2107
2108
2109
2111
2112
2113
2114
2115
2116
2117
2118
2119
2121
2123
2124
2126
2127
2128
2129
2130
2131
2132
2133
2134
2135
2136
2137
2138
2139
2140
2142
2143
2144
2145
2146
2147
2148
2149
2150
2151
2152
2153
2154
2156
2157
2162
2164
2165
2176
2177
2178
2179
2182
2183
2184
2185
2186
2187
2188
2189
2190
2192
2193
2194
2195
2196
2197
2199
2200
2204
2205
2206
2207
2208
2209
2211
2212
2213
2214
2215
2216
2217
2218
2219
2220
2221
2222
2223
2224
2225
2226
2227
2228
2229
2230
2231
2232
2233
2234
2235
2236
2237
2238
2240
2241
2242
2243
2244
2245
2246
2247
2248
2249
2250
2251
2252
2253
2254
2255
2257
2258
2259
2261
2263
2264
2265
2266
2267
2268
2269
2270
2271
2274
2275
2276
2277
2278
2279
2280
2281
2282
2283
2284
2285
2287
2288
2290
2291
2292
2293
2294
2295
2296
2298
2299
2300
2302
2303
2305
2306
2307
2308
2309
2310
2311
2312
2313
2314
2315
2316
2317
2318
2320
2321
2322
2323
2324
2325
2326
2327
2328
2329
2330
2331
2333
2334
2335
2336
2337
2338
2340
2341
2342
2343
2344
2345
2346
2347
2348
2349
2350
2351
2352
2353
2354
2356
2357
2358
2359
2360
2361
2362
2363
2364
2365
2366
2367
2368
2369
2370
2371
2372
2373
2374
2375
2376
2377
2378
2379
2380
2381
2382
2383
2384
2386
2387
2388
2389
2390
2392
2393
2395
2396
2397
2398
2399
2400
2401
2402
2403
2404
2405
2406
2407
2408
2409
2410
2411
2412
2413
2417
2424
2425
2426
2427
2428
2429
2430
2431
2432
2433
2434
2435
2437
2438
2439
2440
2441
2442
2443
2444
2445
2446
2447
2448
2449
2450
2451
2453
2454
2455
2457
2458
2459
2460
2462
2463
2464
2470
2471
2472
2473
2474
2476
2481
2485
2486
2488
2490
2491
2493
2494
2495
2496
2497
2498
2499
2500
2501
2502
2503
2504
2505
2506
2507
2508
2509
2510
2511
2512
2513
2514
2515
2516
2517
2518
2519
2520
2521
2522
2523
2524
2525
2526
2527
2528
2529
2530
2531
2532
2533
2534
2535
2536
2539
2540
2541
2542
2544
2546
2547
2548
2549
2550
2551
2552
2553
2554
2555
2556
2557
2558
2560
2561
2562
2563
2564
2565
2566
2567
2568
2569
2571
2572
2573
2574
2575
2577
2580
2582
2583
2584
2585
2586
2587
2588
2589
2590
2591
2592
2593
2594
2595
2596
2597
2598
2599
2600
2601
2603
2604
2605
2606
2607
2608
2609
2610
2612
2613
2614
2615
2616
2617
2618
2619
2620
2621
2623
2624
2625
2626
2627
2628
2629
2630
2632
2633
2634
2635
2638
2639
2640
2642
2643
2644
2645
2646
2647
2648
2649
2650
2651
2652
2653
2654
2655
2656
2657
2659
2662
2663
2664
2667
2669
2670
2672
2673
2677
2678
2679
2682
2683
2684
2685
2686
2690
2691
2692
2693
2695
2696
2697
2698
2699
2700
2701
2702
2703
2704
2705
2706
2707
2708
2709
2710
2711
2712
2713
2715
2716
2717
2719
2720
2721
2722
2723
2724
2725
2726
2727
2728
2729
2730
2731
2732
2733
2734
2735
2736
2737
2738
2739
2740
2741
2742
2743
2744
2745
2746
2747
2748
2749
2750
2751
2752
2753
2754
2755
2756
2757
2758
2759
2760
2761
2762
2763
2764
2765
2766
2767
2768
2769
2770
2771
2772
2773
2774
2776
2777
2778
2780
2781
2784
2787
2788
2789
2791
2792
2793
2794
2795
2796
2797
2798
2799
2800
2801
2802
2803
2804
2805
2806
2807
2808
2809
2810
2811
2812
2813
2814
2816
2817
2819
2820
2823
2824
2825
2826
2827
2828
2829
2830
2831
2832
2833
2834
2835
2836
2837
2838
2839
2840
2841
2842
2843
2844
2845
2846
2847
2848
2849
2850
2851
2852
2853
2854
2855
2856
2857
2858
2859
2860
2861
2862
2863
2864
2865
2866
2867
2868
2869
2870
2871
2872
2873
2874
2875
2876
2877
2878
2879
2880
2881
2882
2883
2884
2885
2886
2887
2888
2889
2890
2891
2892
2893
2895
2896
2900
2901
2902
2904
2905
2906
2907
2908
2909
2910
2914
2916
2917
2918
2919
2920
2922
2923
2924
2925
2926
2927
2928
2929
2930
2931
2932
2933
2934
2935
2936
2937
2938
2939
2940
2954
2957
2959
2960
2961
2964
2965
2966
2968
2969
2970
2971
2974
2976
2977
2978
2979
2980
2981
2982
2983
2986
2987
2990
2991
2992
2993
2994
2995
2998
2999
3000
3001
3002
3006
3007
3008
3009
3010
3011
3012
3013
3014
3015
3017
3018
3019
3020
3022
3023
3026
3027
3030
3031
3032
3033
3034
3035
3036
3037
3038
3039
3040
3041
3042
3043
3044
3045
3046
3047
3048
3049
3050
3051
3052
3053
3054
3055
3056
3057
3058
3059
3061
3062
3063
3064
3065
3066
3067
3068
3069
3070
3073
3076
3083
3084
3085
3088
3090
3091
3094
3098
3102
3105
3106
3108
3109
3110
3111
3115
3116
3119
3122
3123
3124
3125
3126
3127
3128
3132
3134
3135
3137
3142
3143
3144
3146
3147
3152
3157
3162
3165
3166
3167
3168
3172
3174
3179
3180
3181
3182
3183
3185
3186
3188
3190
3197
3198
3210
3217
3218
3220
3222
3225
3226
3231
3233
3234
3236
3237
3238
3239
3240
3246
3247
3249
3251
3253
3255
3256
3258
3259
3264
3266
3267
3268
3272
3277
3278
3282
3283
3284
3285
3286
3287
3288
3291
3292
3298
3299
3300
3301
3302
3304
3305
3307
3308
3310
3311
3312
3313
3314
3316
3318
3320
3324
3326
3327
3328
3329
3330
3332
3333
3334
3336
3337
3338
3339
3342
3344
3346
3358
3360
3362
3364
3365
3366
3367
3368
3373
3375
3376
3377
3378
3383
3385
3387
3389
3390
3391
3392
3393
3394
3396
3398
3399
3403
3404
3405
3406
3408
3412
3413
3414
3418
3419
3420
3421
3425
3428
3429
3432
3433
3436
3437
3440
3441
3450
3455
3457
3464
3465
3466
3471
3473
3475
3478
3481
3483
3484
3485
3490
3491
3492
3497
3498
3503
3507
3515
3517
3518
3520
3523
3524
3526
3528
3529
3532
3534
3537
3538
3541
3542
3543
3544
3546
3547
3550
3555
3556
3557
3558
3559
3560
3561
3562
3565
3566
3567
3568
3569
3571
3572
3574
3577
3581
3582
3583
3585
3586
3591
3602
3604
3609
3611
3613
3614
3618
3620
3621
3622
3623
3625
3627
3629
3630
3631
3632
3634
3635
3636
3637
3639
3640
3642
3645
3648
3649
3652
3654
3661
3662
3663
3669
3670
3671
3674
3675
3676
3677
3684
3685
3686
3694
3695
3696
3697
3700
3708
3711
3714
3715
3718
3719
3720
3721
3722
3723
3724
3725
3727
3728
3729
3731
3733
3735
3738
3739
3742
3744
3745
3747
3755
3756
3758
3759
3760
3763
3764
3766
3767
3770
3772
3774
3775
3776
3777
3778
3779
3780
3781
3785
3786
3790
3791
3792
3793
3794
3798
3804
3805
3806
3808
3816
3818
3819
3820
3822
3823
3824
3829
3830
3831
3834
3835
3836
3838
3841
3842
3845
3848
3851
3852
3853
3856
3857
3860
3861
3863
3869
3871
3872
3873
3874
3878
3879
3880
3885
3891
3894
3895
3896
3897
3900
3906
3907
3908
3910
3913
3916
3920
3921
3929
3930
3931
3933
3938
3939
3940
3943
3944
3948
3950
3951
3952
3954
3956
3960
3964
3967
3970
3971
3973
3975
3977
3982
3988
3989
3994
3995
3996
3997
3998
4000
4006
4007
4008
4009
4010
4011
4012
4014
4020
4021
4022
4024
4025
4026
4031
4033
4036
4039
4040
4042
4045
4046
4047
4052
4053
4054
4055
4056
4057
4058
4059
4060
4063
4067
4071
4072
4073
4074
4076
4077
4078
4079
4080
4081
4082
4086
4087
4088
4096
4097
4098
4101
4108
4110
4111
4115
4116
4122
4125
4132
4133
4137
4146
4147
4155
4163
4167
4170
4171
4172
4174
4175
4176
4177
4179
4180
4181
4182
4184
4185
4189
4195
4196
4200
4201
4206
4207
4208
4209
4210
4211
4212
4213
4214
4215
4219
4220
4221
4222
4223
4227
4229
4230
4232
4233
4237
4238
4239
4240
4243
4244
4249
4251
4253
4255
4263
4265
4266
4267
4270
4271
4272
4273
4278
4280
4282
4283
4285
4286
4287
4288
4289
4290
4291
4292
4294
4295
4296
4297
4298
4299
4300
4301
4302
4303
4304
4305
4313
4318
4319
4323
4329
4330
4331
4332
4333
4335
4336
4338
4339
4340
4342
4344
4345
4346
4349
4355
4356
4360
4362
4363
4365
4367
4369
4374
4375
4385
4388
4390
4396
4397
4407
4409
4410
4411
4415
4417
4418
4419
4420
4421
4425
4427
4428
4430
4432
4434
4435
4436
4437
4440
4441
4442
4445
4446
4448
4449
4450
4451
4453
4454
4455
4458
4460
4461
4462
4463
4464
4465
4466
4476
4477
4478
4479
4481
4482
4483
4485
4486
4487
4488
4489
4497
4498
4506
4510
4512
4516
4521
4522
4523
4524
4525
4526
4527
4529
4533
4534
4536
4538
4539
4540
4541
4543
4545
4546
4548
4549
4550
4555
4556
4557
4559
4560
4562
4563
4567
4568
4569
4572
4577
4580
4581
4583
4590
4594
4598
4599
4600
4601
4603
4604
4605
4606
4607
4609
4612
4624
4626
4627
4629
4630
4631
4632
4633
4639
4640
4642
4643
4644
4645
4646
4648
4649
4650
4651
4654
4655
4656
4657
4658
4659
4660
4661
4662
4663
4664
4665
4667
4668
4669
4670
4674
4678
4681
4682
4684
4685
4687
4688
4689
4693
4694
4695
4703
4704
4705
4708
4709
4711
4712
4713
4714
4716
4717
4718
4719
4720
4721
4722
4723
4724
4725
4726
4727
4728
4729
4730
4731
4732
4734
4735
4736
4737
4738
4739
4740
4741
4743
4744
4745
4747
4748
4749
4750
4758
4762
4763
4764
4765
4767
4775
4781
4785
4786
4789
4824
4829
4831
4833
4834
4836
4837
4838
4839
4841
4842
4844
4845
4846
4849
4852
4855
4858
4864
4865
4870
4871
4874
4878
4879
4884
4897
4898
4903
4904
4905
4910
4913
4914
4917
4920
4922
4925
4926
4928
4936
4938
4939
4942
4944
4945
4947
4948
4949
4950
4951
4952
4965
4968
4969
4970
4971
4975
4976
4980
4988
4989
4990
4991
4992
4996
4999
5000
5003
5006
5007
5008
5018
5037
5040
5042
5043
5044
5045
5046
5047
5048
5049
5050
5051
5052
5053
5054
5056
5058
5059
5060
5063
5064
5065
5066
5067
5068
5069
5070
5071
5072
5073
5074
5075
5076
5077
5078
5079
5080
5081
5082
5083
5084
5088
5090
5091
5092
5093
5094
5103
5115
5116
5122
5132
5134
5135
5141
5145
5146
5147
5148
5149
5150
5152
5153
5154
5160
5161
5162
5163
5164
5165
5167
5170
5171
5172
5173
5174
5175
5176
5177
5178
5179
5180
5181
5182
5183
5184
5185
5186
5188
5189
5190
5191
5192
5193
5194
5195
5196
5197
5198
5199
5200
5201
5202
5203
5204
5205
5206
5207
5208
5209
5210
5211
5212
5213
5214
5215
5216
5217
5218
5221
5227
5229
5230
5231
5232
5235
5237
5242
5243
5244
5245
5246
5247
5248
5249
5250
5251
5252
5253
5256
5257
5258
5259
5260
5262
5263
5264
5265
5267
5268
5269
5270
5271
5272
5273
5274
5275
5276
5277
5278
5279
5280
5281
5282
5283
5284
5285
5286
5287
5288
5289
5290
5291
5292
5293
5294
5295
5296
5297
5298
5299
5318
5320
5328
5329
5330
5331
5332
5333
5334
5335
5336
5337
5338
5339
5340
5342
5347
5351
5353
5361
5362
5363
5364
5365
5366
5368
5374
5377
5379
5390
5391
5394
5399
5403
5404
5406
5407
5408
5409
5410
5411
5412
5413
5414
5415
5417
5418
5419
5421
5422
5423
5424
5425
5426
5427
5429
5432
5433
5434
5436
5437
5438
5441
5442
5443
5444
5445
5446
5447
5448
5449
5450
5451
5452
5453
5454
5455
5456
5457
5458
5459
5460
5461
5462
5463
5464
5465
5466
5467
5468
5469
5470
5471
5472
5473
5474
5476
5477
5478
5481
5483
5485
5486
5487
5491
5492
5493
5494
5495
5496
5497
5498
5499
5500
5501
5504
5515
5525
5535
5539
5541
5542
5552
5555
5559
5560
5577
5580
5582
5584
5587
5590
5594
5600
5601
5603
5614
5616
5618
5620
5621
5622
5623
5631
5633
5642
5643
5648
5649
5652
5657
5659
5662
5666
5669
5674
5675
5677
5689
5690
5696
5697
5698
5699
5705
5706
5707
5708
5709
5710
5711
5712
5713
5714
5715
5716
5720
5721
5722
5723
5724
5725
5727
5728
5729
5730
5731
5732
5733
5734
5735
5736
5737
5738
5739
5740
5741
5742
5743
5744
5745
5746
5747
5748
5751
5752
5753
5754
5755
5756
5757
5758
5759
5760
5761
5762
5763
5764
5765
5766
5767
5770
5773
5774
5776
5777
5778
5779
5781
5782
5783
5803
5804
5805
5806
5811
5812
5813
5816
5817
5820
5821
5822
5824
5825
5834
5835
5837
5838
5846
5848
5849
5850
5865
5874
5875
5880
5881
5882
5884
5890
5891
5892
5893
5894
5895
5896
5897
5898
5899
5900
5901
5902
5903
5904
5905
5907
5908
5909
5910
5911
5912
5913
5914
5915
5916
5917
5918
5919
5920
5921
5922
5923
5924
5925
5926
5927
5928
5929
5933
5936
5942
5946
5948
5949
5950
5953
5955
5956
5960
5963
5964
5966
5967
5968
5969
5970
5976
5977
5978
5979
5980
5981
5983
5984
5985
5986
5987
5988
5990
5991
5992
6001
6008
6009
6010
6011
6014
6015
6017
6018
6020
6024
6030
6032
6033
6035
6037
6038
6039
6040
6044
6047
6048
6049
6050
6051
6052
6053
6055
6056
6057
6058
6059
6060
6061
6063
6064
6065
6066
6067
6069
6070
6072
6073
6075
6078
6090
6097
6101
6102
6104
6105
6106
6109
6111
6114
6115
6116
6117
6118
6119
6120
6121
6122
6123
6125
6127
6129
6130
6131
6132
6133
6134
6135
6140
6141
6144
6146
6149
6152
6153
6154
6155
6165
6169
6170
6171
6175
6176
6177
6178
6179
6183
6185
6191
6193
6194
6196
6198
6199
6200
6201
6202
6203
6204
6206
6207
6208
6210
6212
6213
6214
6215
6216
6218
6221
6233
6234
6235
6236
6237
6238
6239
6240
6241
6243
6245
6250
6263
6264
6268
6269
6272
6277
6278
6279
6280
6281
6282
6283
6284
6285
6290
6291
6292
6293
6294
6295
6296
6297
6298
6299
6301
6303
6304
6306
6307
6308
6309
6310
6311
6312
6313
6314
6315
6316
6317
6318
6319
6320
6321
6323
6324
6325
6326
6328
6329
6330
6331
6332
6333
6335
6336
6337
6338
6339
6340
6341
6342
6345
6346
6347
6348
6349
6350
6351
6360
6361
6362
6365
6369
6371
6373
6374
6384
6386
6388
6389
6390
6391
6392
6393
6394
6395
6401
6402
6403
6404
6405
6406
6407
6408
6409
6410
6411
6412
6413
6414
6415
6416
6418
6419
6420
6421
6422
6423
6424
6427
6428
6429
6430
6431
6432
6433
6434
6435
6436
6450
6451
6452
6453
6454
6455
6458
6459
6460
6461
6462
6463
6464
6465
6466
6468
6470
6471
6472
6474
6475
6476
6478
6479
6480
6481
6482
6483
6484
6485
6487
6488
6489
6490
6491
6492
6493
6494
6495
6496
6497
6498
6499
6501
6502
6503
6504
6505
6506
6507
6508
6509
6511
6513
6514
6515
6516
6517
6518
6519
6520
6521
6522
6523
6524
6525
6526
6527
6528
6529
6530
6531
6532
6533
6534
6535
6536
6537
6538
6539
6540
6541
6542
6544
6545
6546
6547
6548
6549
6550
6552
6553
6554
6558
6559
6561
6562
6564
6565
6566
6568
6569
6570
6571
6572
6574
6575
6577
6578
6579
6580
6581
6582
6583
6584
6585
6586
6587
6588
6589
6590
6591
6592
6594
6596
6611
6612
6616
6617
6618
6619
6620
6621
6622
6623
6624
6625
6626
6627
6628
6638
6639
6640
6649
6652
6653
6654
6655
6656
6657
6659
6660
6662
6663
6664
6665
6666
6667
6670
6671
6672
6673
6674
6675
6677
6678
6679
6680
6681
6683
6684
6685
6686
6687
6689
6690
6691
6692
6693
6694
6695
6696
6697
6698
6699
6700
6701
6704
6705
6706
6707
6708
6709
6710
6711
6713
6714
6715
6716
6717
6718
6719
6720
6721
6722
6723
6724
6725
6726
6727
6729
6730
6731
6732
6733
6734
6735
6736
6737
6739
6740
6741
6742
6743
6744
6745
6746
6747
6748
6749
6752
6754
6765
6766
6767
6773
6777
6782
6783
6784
6797
6801
6803
6804
6806
6808
6809
6810
6811
6812
6813
6814
6818
6820
6821
6822
6823
6831
6832
6837
6838
6839
6840
6841
6842
6851
6855
6858
6868
6877
6878
6879
6882
6885
6894
6895
6896
6904
6905
6906
6917
6918
6919
6920
6921
6924
6925
6926
6927
6928
6930
6931
6932
6933
6934
6935
6936
6937
6939
6940
6941
6942
6943
6944
6945
6946
6947
6948
6949
6950
6951
6952
6954
6955
6956
6957
6958
6959
6960
6962
6963
6964
6967
6969
6970
6971
6972
6973
6974
6977
6978
6979
6980
6981
6982
6983
6984
6985
6989
6990
6991
6992
6994
6995
6996
6997
6998
6999
7000
7001
7002
7003
7004
7005
7006
7007
7008
7009
7010
7011
7012
7013
7014
7015
7016
7017
7018
7019
7020
7021
7022
7023
7024
7026
7027
7028
7029
7030
7031
7032
7033
7034
7035
7036
7037
7038
7039
7040
7041
7042
7043
7044
7045
7047
7060
7066
7067
7075
7076
7077
7078
7079
7080
7082
7083
7084
7085
7086
7087
7088
7089
7091
7092
7093
7094
7095
7096
7098
7102
7104
7107
7108
7112
7113
7114
7115
7116
7117
7118
7119
7120
7121
7122
7123
7124
7125
7126
7127
7128
7129
7130
7131
7132
7133
7134
7135
7136
7137
7139
7142
7144
7145
7147
7149
7150
7152
7153
7157
7163
7164
7165
7166
7167
7168
7169
7170
7171
7172
7173
7174
7176
7177
7178
7179
7180
7181
7182
7183
7184
7185
7186
7187
7188
7189
7190
7191
7192
7193
7194
7196
7202
7203
7204
7224
7228
7235
7241
7273
7277
7279
7287
7291
7292
7294
7295
7296
7297
7298
7304
7305
7307
7308
7309
7310
7311
7312
7313
7314
7318
7326
7327
7348
7350
7363
7364
7369
7370
7379
7382
7387
7388
7389
7390
7391
7392
7393
7394
7395
7397
7398
7401
7403
7405
7406
7407
7408
7409
7410
7411
7413
7414
7415
7416
7417
7418
7419
7420
7421
7422
7423
7424
7425
7426
7427
7428
7429
7430
7431
7432
7433
7434
7435
7436
7437
7438
7445
7446
7447
7449
7450
7451
7452
7455
7456
7457
7458
7459
7460
7461
7462
7463
7464
7465
7466
7467
7468
7469
7472
7473
7474
7475
7476
7477
7478
7479
7480
7481
7482
7483
7484
7489
7490
7491
7492
7493
7495
7496
7497
7498
7499
7500
7501
7503
7504
7505
7506
7507
7508
7509
7510
7511
7512
7513
7514
7516
7517
7519
7520
7521
7522
7523
7533
7534
7535
7543
7544
7552
7556
7559
7560
7561
7562
7563
7564
7565
7566
7567
7568
7569
7570
7571
7572
7578
7590
7591
7592
7593
7594
7595
7596
7597
7598
7599
7600
7601
7602
7603
7604
7605
7606
7607
7608
7609
7611
7612
7613
7614
7615
7616
7618
7619
7620
7621
7622
7623
7624
7625
7626
7627
7635
7636
7637
7638
7639
7640
7644
7645
7646
7647
7649
7650
7651
7652
7653
7654
7655
7656
7657
7659
7660
7662
7663
7664
7665
7666
7667
7668
7669
7670
7671
7673
7675
7676
7677
7678
7679
7680
7682
7685
7686
7687
7688
7689
7690
7691
7695
7704
7705
7708
7709
7714
7733
7736
7745
7746
7748
7752
7753
7756
7762
7763
7764
7766
7775
7778
7787
7788
7793
7795
7797
7809
7811
7812
7813
7814
7823
7832
7833
7835
7836
7857
7858
7859
7860
7861
7863
7864
7868
7882
7883
7884
7886
7888
7889
7890
7891
7892
7893
7894
7895
7896
7897
7898
7899
7900
7901
7902
7903
7904
7905
7906
7907
7908
7909
7910
7911
7926
7927
7928
7929
7930
7931
7932
7933
7934
7935
7936
7937
7938
7939
7940
7941
7942
7943
7944
7945
7946
7947
7948
7949
7950
7952
7953
7954
7957
7959
7960
7972
7974
7976
7983
7984
7988
7989
7990
7991
7992
7993
7994
7995
7996
7997
8000
8010
8015
8030
8037
8038
8042
8043
8045
8047
8053
8055
8056
8057
8058
8059
8060
8061
8063
8064
8065
8066
8067
8068
8069
8070
8071
8072
8073
8074
8075
8080
8086
8088
8089
8091
8096
8097
8114
8115
8116
8117
8118
8121
8122
8123
8124
8125
8126
8127
8128
8129
8130
8132
8133
8134
8135
8136
8137
8138
8139
8140
8141
8142
8143
8144
8145
8146
8147
8148
8149
8150
8151
8152
8153
8154
8155
8156
8157
8158
8159
8160
8161
8162
8163
8164
8165
8166
8167
8168
8169
8170
8171
8172
8173
8174
8175
8176
8177
8178
8179
8180
8182
8183
8184
8185
8186
8187
8188
8189
8190
8191
8192
8193
8194
8195
8196
8197
8198
8199
8201
8202
8205
8206
8207
8208
8209
8210
8211
8212
8213
8215
8216
8217
8218
8219
8220
8221
8222
8223
8224
8225
8226
8227
8228
8229
8230
8231
8232
8233
8234
8235
8236
8237
8238
8239
8240
8242
8244
8246
8247
8249
8250
8251
8253
8254
8255
8256
8257
8258
8259
8260
8261
8262
8263
8265
8266
8267
8268
8269
8270
8271
8272
8273
8274
8275
8276
8277
8278
8279
8280
8281
8282
8283
8284
8285
8289
8290
8293
8301
8305
8306
8307
8312
8313
8314
8316
8318
8319
8321
8322
8323
8324
8327
8331
8334
8335
8341
8346
8347
8352
8357
8371
8375
8376
8378
8384
8386
8387
8388
8389
8390
8391
8392
8393
8394
8395
8396
8397
8398
8399
8400
8401
8402
8403
8404
8405
8406
8407
8408
8409
8410
8411
8412
8413
8414
8415
8416
8417
8418
8419
8420
8422
8423
8425
8426
8429
8431
8433
8442
8453
8455
8457
8459
8461
8462
8463
8464
8465
8467
8469
8470
8471
8472
8473
8474
8475
8476
8477
8478
8479
8480
8481
8482
8483
8484
8485
8486
8487
8488
8489
8490
8491
8492
8493
8494
8495
8497
8499
8500
8501
8503
8504
8505
8506
8507
8508
8509
8511
8512
8513
8514
8515
8516
8517
8518
8520
8524
8525
8526
8527
8528
8530
8531
8532
8533
8534
8535
8536
8537
8538
8539
8540
8541
8542
8543
8544
8545
8546
8547
8548
8549
8550
8552
8553
8554
8555
8556
8560
8564
8568
8569
8570
8571
8572
8573
8574
8575
8576
8578
8579
8580
8581
8582
8583
8584
8585
8586
8587
8588
8589
8590
8591
8592
8593
8594
8595
8596
8597
8598
8599
8600
8601
8603
8604
8605
8606
8607
8608
8609
8610
8611
8612
8613
8614
8616
8617
8618
8619
8620
8621
8622
8623
8625
8626
8627
8629
8630
8631
8632
8634
8635
8636
8637
8638
8639
8640
8641
8642
8643
8644
8645
8646
8647
8648
8649
8651
8652
8653
8654
8655
8656
8657
8658
8659
8660
8661
8662
8663
8664
8665
8669
8672
8680
8687
8688
8689
8692
8699
8700
8707
8708
8710
8711
8715
8717
8718
8722
8723
8724
8725
8728
8729
8734
8738
8744
8746
8750
8754
8757
8762
8763
8764
8765
8767
8769
8770
8773
8774
8775
8776
8777
8778
8779
8780
8781
8782
8783
8784
8785
8786
8787
8788
8789
8790
8791
8792
8794
8795
8797
8798
8799
8800
8801
8802
8803
8805
8812
8813
8814
8815
8816
8819
8820
8821
8822
8823
8827
8828
8831
8833
8834
8835
8837
8838
8842
8847
8848
8850
8851
8852
8853
8854
8855
8856
8857
8858
8859
8860
8861
8862
8863
8864
8866
8867
8868
8869
8870
8871
8872
8873
8878
8879
8880
8881
8883
8884
8885
8886
8887
8888
8889
8890
8891
8892
8893
8894
8895
8896
8897
8898
8899
8900
8901
8902
8903
8904
8905
8906
8907
8908
8909
8910
8911
8912
8913
8914
8916
8917
8918
8919
8920
8921
8922
8924
8925
8927
8929
8930
8931
8932
8933
8934
8935
8937
8940
8941
8942
8943
8944
8946
8947
8949
8950
8951
8952
8953
8954
8956
8958
8959
8960
8961
8962
8963
8964
8965
8966
8967
8968
8969
8970
8971
8972
8973
8974
8975
8976
8977
8978
8979
8980
8981
8982
8983
8984
8985
8986
8987
8989
8992
8993
8994
8995
8996
8997
8998
8999
9000
9001
9002
9005
9006
9009
9010
9011
9012
9013
9014
9016
9017
9018
9019
9020
9021
9022
9023
9024
9025
9026
9027
9028
9029
9030
9031
9032
9033
9034
9036
9037
9041
9045
9046
9047
9048
9049
9050
9051
9056
9063
9065
9068
9069
9071
9073
9074
9075
9076
9077
9081
9082
9089
9090
9092
9093
9094
9098
9099
9103
9104
9105
9106
9109
9113
9114
9115
9116
9117
9118
9119
9121
9122
9123
9124
9126
9127
9128
9129
9130
9131
9132
9133
9134
9136
9137
9138
9140
9141
9142
9143
9144
9145
9146
9147
9151
9153
9155
9161
9162
9164
9165
9171
9174
9175
9176
9179
9180
9181
9182
9183
9184
9185
9186
9187
9188
9189
9190
9192
9193
9194
9195
9196
9197
9199
9200
9201
9202
9203
9204
9205
9206
9207
9208
9209
9210
9211
9212
9213
9214
9215
9216
9217
9220
9221
9222
9224
9225
9226
9227
9230
9231
9232
9233
9235
9238
9241
9245
9246
9247
9249
9259
9261
9263
9264
9265
9266
9267
9269
9270
9271
9278
9279
9282
9283
9284
9288
9300
9301
9302
9304
9307
9308
9316
9317
9318
9319
9320
9321
9322
9325
9326
9327
9328
9329
9330
9331
9332
9333
9334
9335
9336
9339
9340
9341
9343
9344
9345
9346
9347
9348
9349
9350
9351
9357
9364
9366
9367
9368
9370
9371
9372
9373
9377
9379
9382
9383
9384
9388
9389
9390
9391
9392
9393
9394
9395
9396
9397
9398
9399
9400
9401
9402
9403
9404
9405
9406
9408
9409
9410
9411
9412
9413
9415
9416
9419
9424
9425
9426
9427
9428
9429
9430
9431
9434
9437
9438
9442
9443
9444
9445
9446
9451
9452
9453
9455
9457
9458
9459
9466
9469
9480
9481
9482
9483
9484
9485
9488
9489
9492
9493
9499
9500
9501
9502
9504
9505
9506
9507
9508
9511
9512
9513
9514
9515
9516
9517
9518
9519
9520
9521
9522
9523
9524
9525
9527
9529
9530
9531
9533
9534
9538
9539
9540
9541
9547
9549
9550
9551
9552
9553
9556
9558
9560
9562
9563
9564
9569
9570
9571
9572
9573
9574
9575
9576
9577
9578
9579
9580
9581
9582
9583
9584
9585
9586
9587
9588
9589
9590
9591
9592
9593
9594
9595
9596
9597
9598
9599
9600
9601
9602
9603
9614
9617
9618
9630
9635
9642
9645
9646
9649
9655
9659
9660
9666
9667
9670
9671
9672
9673
9674
9675
9677
9678
9679
9682
9685
9686
9691
9694
9695
9696
9697
9698
9699
9700
9701
9702
9703
9704
9705
9706
9707
9708
9709
9710
9711
9713
9715
9716
9717
9721
9722
9723
9724
9725
9727
9731
9732
9733
9734
9735
9736
9737
9739
9741
9742
9743
9750
9752
9757
9761
9762
9763
9764
9765
9766
9767
9769
9770
9771
9785
9788
9790
9796
9797
9798
9799
9800
9802
9807
9813
9814
9816
9818
9820
9823
9829
9830
9831
9838
9841
9842
9845
9846
9848
9850
9851
9854
9855
9856
9860
9861
9864
9867
9868
9873
9875
9876
9877
9891
9897
9905
9907
9929
9930
9933
9935
9936
9937
9942
9943
9945
9946
9947
9948
9950
9952
9954
9955
9958
9962
9966
9967
9979
9981
9982
9983
9984
9985
9986
9989
9994
9997
10002
10007
10009
10010
10024
10026
10027
10028
10030
10034
10036
10039
10041
10046
10052
10056
10061
10062
10067
10069
10071
10072
10074
10077
10078
10079
10089
10097
10098
10100
10106
10111
10115
10117
10123
10125
10126
10127
10128
10137
10138
10141
10143
10150
10151
10152
10158
10159
10163
10164
10166
10168
10169
10171
10172
10173
10174
10175
10176
10177
10179
10182
10184
10185
10187
10188
10189
10190
10194
10195
10196
10197
10198
10200
10202
10203
10204
10205
10206
10209
10210
10211
10212
10213
10214
10215
10218
10219
10220
10221
10225
10226
10227
10229
10234
10235
10236
10237
10240
10241
10242
10243
10245
10246
10249
10250
10251
10252
10254
10255
10257
10258
10259
10260
10261
10262
10263
10264
10266
10267
10268
10269
10271
10272
10273
10274
10275
10276
10277
10278
10280
10285
10286
10287
10288
10289
10290
10291
10292
10293
10294
10295
10296
10304
10306
10307
10308
10309
10310
10311
10316
10317
10318
10319
10320
10321
10322
10323
10324
10325
10326
10327
10328
10329
10330
10331
10332
10333
10334
10336
10338
10339
10340
10344
10345
10346
10348
10349
10350
10355
10357
10359
10360
10361
10362
10365
10366
10367
10370
10371
10372
10373
10376
10379
10380
10381
10382
10383
10384
10385
10386
10388
10389
10391
10392
10393
10394
10395
10396
10397
10398
10399
10400
10401
10402
10403
10404
10405
10406
10409
10411
10412
10413
10414
10415
10416
10417
10420
10421
10422
10423
10424
10425
10428
10429
10430
10431
10432
10433
10434
10435
10437
10438
10441
10442
10443
10444
10445
10446
10447
10448
10449
10450
10451
10452
10453
10454
10457
10460
10461
10462
10463
10464
10465
10466
10467
10469
10470
10471
10472
10473
10474
10483
10484
10485
10487
10488
10489
10490
10491
10492
10493
10494
10495
10496
10498
10499
10500
10501
10503
10505
10507
10508
10509
10510
10511
10512
10513
10514
10515
10516
10517
10518
10519
10520
10521
10522
10524
10525
10526
10527
10533
10534
10536
10539
10540
10541
10542
10543
10545
10547
10548
10549
10550
10551
10556
10576
10582
10583
10593
10596
10597
10598
10599
10600
10602
10603
10608
10610
10611
10612
10613
10614
10615
10616
10618
10619
10620
10621
10623
10628
10635
10655
10656
10663
10667
10668
10672
10674
10675
10684
10686
10692
10694
10695
10698
10699
10701
10705
10706
10708
10709
10713
10715
10716
10717
10718
10722
10723
10724
10726
10727
10728
10730
10731
10732
10734
10736
10737
10738
10739
10740
10741
10743
10744
10745
10746
10747
10748
10749
10751
10752
10753
10754
10755
10756
10760
10761
10762
10764
10765
10766
10769
10770
10771
10772
10773
10775
10776
10778
10780
10782
10783
10784
10785
10786
10787
10788
10789
10791
10792
10793
10794
10795
10796
10797
10798
10799
10800
10801
10802
10803
10804
10805
10806
10807
10813
10814
10815
10816
10817
10825
10828
10829
10830
10831
10832
10833
10834
10835
10836
10837
10838
10839
10843
10847
10848
10853
10854
10856
10857
10858
10859
10860
10864
10866
10867
10871
10873
10874
10876
10877
10878
10882
10884
10885
10886
10887
10888
10891
10895
10896
10900
10902
10913
10915
10916
10917
10922
10923
10928
10930
10932
10938
10940
10942
10950
10954
10955
10956
10957
10958
10959
10960
10962
10963
10964
10965
10968
10969
10970
10972
10973
10974
10975
10979