"GOOSE BAY NEWFOUNDLAND" 4.9  6522  10.37909  .4888165 
-16.1 -14.5 -8.5 -1.7  5  11.4  15.8  14.3  9.2  2.9 -3.4 -12.7 
"SAINT JOHN'S NEWFOUNDLAND" 6.7  4804  8.012497  .6482552 
-3.9 -4.5 -2.4  .8  5  10.5  15  14.9  11.4  6.9  3.2 -1.4 
"CHARLOTTETOWN PRINCE EDWARD ISLAND" 7.5  4623  11.45918  .5425893 
-7 -7.3 -3  2  8.4  14.4  18.1  17.7  13.6  8.3  3 -3.8 
"HALIFAX NOVA SCOTIA" 8.5  4123  11.70932  .5218426 
-5.7 -6.2 -1.6  2.9  8.8  14.4  17.7  17.7  13.7  8.6  3.4 -2.9 
"SYDNEY NOVA SCOTIA" 8.4  4459  10.4215  .6141125 
-4.6 -5.8 -2.4  1.6  7  12.9  17.3  17.4  13.5  8.4  3.9 -1.7 
"FREDERICTON NEW BRUNSWICK" 7.7  4699  12.52457  .4153673 
-8.8 -7.9 -2.1  4.1  11  16.4  19.3  18.3  13.3  7.7  1.7 -6.1 
"MONCTON NEW BRUNSWICK" 7.7  4709  11.70829  .4711147 
-8 -7.6 -2.7  2.8  9.4  15.1  18.3  17.5  13  7.6  2.1 -5.3 
"SAINT JOHN NEW BRUNSWICK" 7.7  4771  10.49894  .4915117 
-7.4 -7.1 -2.2  3.1  8.9  13.6  16.5  16.3  12.6  7.8  2.5 -4.6 
"MONTREAL QUEBEC" 6.4  4471  14.41577  .3910453 
-10 -8.8 -2.4  5.6  13.1  18.4  20.9  19.6  14.8  8.7  2.1 -6.8 
"QUEBEC QUEBEC" 7.4  5080  13.07315  .4034247 
-11.7 -10.5 -4.2  3.2  10.9  16.5  19  17.5  12.5  6.7  0 -8.7 
"SEPT ILES QUEBEC" 6.5  6135  9.667998  .4671009 
-13.5 -12 -6.2  .1  5.8  11.8  15.1  14.1  9.4  3.9 -2 -10.5 
"VAL D'OR QUEBEC" 6.5  6146  12.37857  .4166977 
-16.3 -14.6 -7.7  1.1  9.1  14.9  17.2  15.7  10.4  4.7 -3.1 -13 
"OTTAWA ONTARIO" 8.9  4673  14.19942  .3824999 
-10.7 -9.3 -2.8  5.5  12.9  18.1  20.6  19.3  14.3  8.2  1.4 -7.6 
"SUDBURY ONTARIO" 5.9  5447  13.03855  .4147543 
-13.3 -12.1 -5.7  2.8  10.5  16  18.7  17.3  12.2  6.3 -1.1 -9.9 
"THUNDER BAY ONTARIO" 7.1  5746  12.1648  .4246921 
-15 -12.6 -5.7  2.4  8.7  14  17.5  16.4  11.2  5.9 -2.2 -10.7 
"TORONTO ONTARIO" 11.1  4082  13.36918  .4191994 
-6.5 -5.8 -.9  6  12.3  17.9  20.6  19.7  15.4  9.3  3.4 -3.4 
"WINDSOR ONTARIO" 10.3  3590  14.32285  .3923293 
-4.9 -3.8  1.1  8  14.2  19.7  22.1  21.2  17.4  11.1  4.4 -1.8 
"THOMPSON MANITOBA" 2.7  7930  12.4063  .3952859 
-25.7 -21.3 -13.6 -1.7  6.6  12.8  15.9  13.8  7  0 -10.8 -21.5 
"WINNIPEG MANITOBA" 6.1  5889  15.15092  .382938 
-19 -15.5 -7.8  3.2  11.4  17.1  19.8  18.4  12.2  6.1 -4.3 -13.9 
"REGINA SASKATCHEWAN" 4.8  5920  14.0435  .3570322 
-17.6 -13.4 -7.3  3.3  11.3  16.3  19.2  18  11.5  4.9 -5.2 -12.7 
"SASKATOON SASKATCHEWAN" 5.9  6077  14.05128  .3539769 
-18.8 -14.3 -8.1  3.1  11.4  16  18.7  17.3  11  4.6 -5.7 -13.7 
"CALGARY ALBERTA" 6.4  5345  10.55847  .3534748 
-11.4 -6.9 -3.5  3.2  9.7  13.9  16.6  15.4  10.5  5.6 -2.7 -7.5 
"EDMONTON ALBERTA" 5.2  5589  12.56372  .3112265 
-16.1 -11.1 -6.4  3.2  10.4  14.4  16  14.8  9.6  4.3 -5.4 -12.9 
"LETHBRIDGE ALBERTA" 7.1  4718  11.96545  .3568459 
-9.9 -5.3 -1.8  4.8  11.2  15.7  18.8  17.6  12.5  7.5 -.7 -5.5 
"KAMLOOPS BRITISH COLUMBIA" 10.3  3756  13.14324  .2456656 
-6.6 -1.3  3.6  8.9  14  18.1  20.8  20.1  14.8  8.1  1.7 -2.9 
"PRINCE GEORGE BRITISH COLUMBIA" 6.2  5388  9.560987  .2860727 
-11.6 -5.8 -1.7  4.2  9.6  13.2  15.3  14  9.4  4.6 -2.7 -7.5 
"VANCOUVER BRITISH COLUMBIA" 11.3  3007  9.016237  .3359011 
 2.6  4.6  5.8  8.7  12.2  15  17.2  16.9  14.1  9.9  6  3.9 
"VICTORIA BRITISH COLUMBIA" 11.8  3076  8.166281  .3506775 
 3.2  4.8  5.8  8.4  11.7  14.3  16.2  15.8  13.6  9.7  6.1  4.4 
"YELLOWKNIFE NORTHWEST TERRITORY" 4  8593  13.13308  .4602825 
-28.5 -24.9 -18.7 -6.8  4.9  13  16.3  14  6.6 -1.4 -13.8 -23.9 
"WHITEHORSE YUKON TERRITORY" 2  6879  10.38425  .3140578 
-20.2 -13 -7.9  .3  6.8  12.2  14  12.3  7.2  .6 -8.8 -16.4 
"Anchorage Alaska" 1.67  6062  8.922637  .2942124 
-11.2 -7.9 -4.6  1.8  7.9  12.6  14.4  13.3  8.9  1.6 -6.1 -10.6 
"San Francisco California" 13.74  1675  8.062741  .5507576 
 9.1  10.9  10.8  12.2  13.3  14.9  15.7  16.1  16.8  15.1  12  9.2 
"Denver Colorado" 11.22  3491  12.95246  .3162124 
-1.7 -.6  3.6  9.3  14  18.2  22.7  21.2  16.8  9.5  3.5 -.7 
"Washington District of Columbia" 13.45  2347  15.46484  .3399394 
-.7  .6  6.3  12.8  17.5  21.1  24.4  23.5  20.7  13.8  8.1  2.7 
"Chicago Illinois" 11.8  3688  14.9279  .3974706 
-3.6 -3.2  1.5  9.4  15.7  22.1  23.9  23.2  19  13.2  5.6 -2 
"Detroit Michigan" 11.92  3462  14.68445  .3988498 
-3.1 -2.9  2  9.8  16.3  21  23.5  22  19.5  13.4  5.8 -.6 
"Minneapolis/St. PaulMinnesota" 9.3  4657  15.56966  .3518873 
-12.1 -8 -2.3  8.7  14.4  20.6  22.8  21.4  16.4  10.2  1.1 -7.7 
"New York Cy (CenPrk)New York" 12.86  2706  14.25921  .436285 
 .1  .1  4  11.1  15.3  19.9  23  23.5  19.1  14.1  8.6  2.8 
"Portland Oregon" 12.64  2575  10.35706  .3621553 
 4.1  6.1  7.5  9.8  13.6  17.3  20  18.3  17  12  8.1  4.7 
"Madison Wisconsin" 9.88  4368  14.13649  .3778659 
-8.4 -6 -1.9  8.7  14.6  19.6  22.1  20  16.8  10.5  2.4 -3.7 
